Id	LST	M3	M3_abs
TCGA-A1-A0SD	8	0	0
TCGA-A1-A0SE	4	0	0
TCGA-A1-A0SF	13	0	0
TCGA-A1-A0SG	5	0	0
TCGA-A1-A0SH	16	0.127721216	12.7721216
TCGA-A1-A0SI	8	0	0
TCGA-A1-A0SJ	12	0	0
TCGA-A1-A0SK	22	0.138992357	13.8992357
TCGA-A1-A0SM	5	0	0
TCGA-A1-A0SN	10	0.184928298	18.4928298
TCGA-A1-A0SO	34	NA	NA
TCGA-A1-A0SP	10	0	0
TCGA-A2-A04N	0	0	0
TCGA-A2-A04P	33	0.754457789	75.4457789
TCGA-A2-A04Q	16	0	0
TCGA-A2-A04R	17	0.031021001	3.1021001
TCGA-A2-A04T	35	0.613193252	61.3193252
TCGA-A2-A04U	16	0.020002732	2.0002732
TCGA-A2-A04V	2	0	0
TCGA-A2-A04W	16	0	0
TCGA-A2-A04X	7	0	0
TCGA-A2-A04Y	7	0.163615998	16.3615998
TCGA-A2-A0CK	14	0	0
TCGA-A2-A0CM	20	0	0
TCGA-A2-A0CO	8	0	0
TCGA-A2-A0CP	14	0	0
TCGA-A2-A0CQ	0	0.228788523	22.8788523
TCGA-A2-A0CR	3	0	0
TCGA-A2-A0CS	14	0	0
TCGA-A2-A0CT	11	0	0
TCGA-A2-A0CU	11	0.274954396	27.4954396
TCGA-A2-A0CV	9	0	0
TCGA-A2-A0CW	12	0.103853277	10.3853277
TCGA-A2-A0CX	16	0.009435867	0.9435867
TCGA-A2-A0D0	32	0.423490317	42.3490317
TCGA-A2-A0D1	11	0	0
TCGA-A2-A0D2	32	0.669717804	66.9717804
TCGA-A2-A0D3	1	0	0
TCGA-A2-A0D4	18	0.131914062	13.1914062
TCGA-A2-A0EM	1	0	0
TCGA-A2-A0EN	3	0	0
TCGA-A2-A0EO	2	0	0
TCGA-A2-A0EQ	17	0	0
TCGA-A2-A0ER	1	0.023617322	2.3617322
TCGA-A2-A0ET	4	0	0
TCGA-A2-A0EU	1	0	0
TCGA-A2-A0EV	9	0.11888772	11.888772
TCGA-A2-A0EW	8	0	0
TCGA-A2-A0EX	6	0	0
TCGA-A2-A0EY	24	0	0
TCGA-A2-A0SU	5	0	0
TCGA-A2-A0SV	11	0	0
TCGA-A2-A0SW	19	0.08176549	8.176549
TCGA-A2-A0SX	11	0	0
TCGA-A2-A0SY	3	0	0
TCGA-A2-A0T0	47	0.511611794	51.1611794
TCGA-A2-A0T2	9	0	0
TCGA-A2-A0T3	9	0.077257564	7.7257564
TCGA-A2-A0T4	1	0.317500179	31.7500179
TCGA-A2-A0T5	0	NA	NA
TCGA-A2-A0T6	3	0.95195062	95.195062
TCGA-A2-A0T7	12	0	0
TCGA-A2-A0YC	11	0.025412219	2.5412219
TCGA-A2-A0YD	3	0	0
TCGA-A2-A0YE	12	0.062178607	6.2178607
TCGA-A2-A0YF	4	0	0
TCGA-A2-A0YG	13	0.137447594	13.7447594
TCGA-A2-A0YH	12	0.049408186	4.9408186
TCGA-A2-A0YI	2	0	0
TCGA-A2-A0YJ	19	0.351071079	35.1071079
TCGA-A2-A0YK	3	0	0
TCGA-A2-A0YL	6	0	0
TCGA-A2-A0YM	18	0	0
TCGA-A2-A0YT	10	0	0
TCGA-A2-A1FV	14	0	0
TCGA-A2-A1FW	19	0	0
TCGA-A2-A1FX	6	0	0
TCGA-A2-A1FZ	7	0	0
TCGA-A2-A1G0	4	0	0
TCGA-A2-A1G1	9	0.065010758	6.5010758
TCGA-A2-A1G4	5	0	0
TCGA-A2-A1G6	0	0.026791013	2.6791013
TCGA-A2-A259	5	0.107405157	10.7405157
TCGA-A2-A25A	4	0	0
TCGA-A2-A25B	34	0.390273205	39.0273205
TCGA-A2-A25C	4	0	0
TCGA-A2-A25D	20	0	0
TCGA-A2-A25E	29	0.453028118	45.3028118
TCGA-A2-A3KC	2	0	0
TCGA-A2-A3KD	8	0	0
TCGA-A2-A3XS	20	0	0
TCGA-A2-A3XT	21	0.501054365	50.1054365
TCGA-A2-A3XU	4	0	0
TCGA-A2-A3XV	6	0	0
TCGA-A2-A3XW	0	0	0
TCGA-A2-A3XX	8	0	0
TCGA-A2-A3XZ	16	0.195821178	19.5821178
TCGA-A2-A3Y0	34	0.56933243	56.933243
TCGA-A2-A4RW	26	0.084778648	8.4778648
TCGA-A2-A4RX	1	0	0
TCGA-A2-A4RY	0	0.12216027	12.216027
TCGA-A2-A4S0	0	0	0
TCGA-A2-A4S1	20	0.258053131	25.8053131
TCGA-A2-A4S2	6	0	0
TCGA-A2-A4S3	26	0.156764362	15.6764362
TCGA-A7-A0CD	9	0.008523327	0.8523327
TCGA-A7-A0CE	26	0.487190617	48.7190617
TCGA-A7-A0CG	4	0.055983699	5.5983699
TCGA-A7-A0CH	1	0.107647838	10.7647838
TCGA-A7-A0CJ	19	0.200615269	20.0615269
TCGA-A7-A0D9	3	0	0
TCGA-A7-A0DA	38	0.657916809	65.7916809
TCGA-A7-A0DB	2	0	0
TCGA-A7-A13D	17	0.590743103	59.0743103
TCGA-A7-A13E	10	0.257343108	25.7343108
TCGA-A7-A13F	1	0	0
TCGA-A7-A13G	14	0.259191606	25.9191606
TCGA-A7-A13H	4	0	0
TCGA-A7-A26E	1	0	0
TCGA-A7-A26F	14	0	0
TCGA-A7-A26G	20	0	0
TCGA-A7-A26H	12	0	0
TCGA-A7-A26J	15	0	0
TCGA-A7-A2KD	21	0.010660109	1.0660109
TCGA-A7-A3IY	6	0.147023283	14.7023283
TCGA-A7-A3IZ	6	0.052626153	5.2626153
TCGA-A7-A3J0	0	0	0
TCGA-A7-A3J1	10	0	0
TCGA-A7-A3RF	0	0	0
TCGA-A7-A425	4	0	0
TCGA-A7-A426	2	0	0
TCGA-A7-A4SA	33	0.31521861	31.521861
TCGA-A7-A4SB	3	0.268677909	26.8677909
TCGA-A7-A4SD	15	0	0
TCGA-A7-A4SE	21	0.437763302	43.7763302
TCGA-A7-A4SF	14	0.098010009	9.8010009
TCGA-A7-A56D	16	0.143744808	14.3744808
TCGA-A7-A5ZV	23	0.303430058	30.3430058
TCGA-A7-A5ZW	0	0	0
TCGA-A7-A5ZX	6	0	0
TCGA-A7-A6VV	17	NA	NA
TCGA-A7-A6VW	23	NA	NA
TCGA-A7-A6VX	32	NA	NA
TCGA-A7-A6VY	38	NA	NA
TCGA-A8-A06N	15	0	0
TCGA-A8-A06O	16	0	0
TCGA-A8-A06P	5	0	0
TCGA-A8-A06Q	17	0.042463708	4.2463708
TCGA-A8-A06R	25	0.164669842	16.4669842
TCGA-A8-A06T	13	0	0
TCGA-A8-A06U	19	0	0
TCGA-A8-A06X	27	0.389559354	38.9559354
TCGA-A8-A06Y	3	0	0
TCGA-A8-A06Z	15	0.420253054	42.0253054
TCGA-A8-A075	28	0.399477929	39.9477929
TCGA-A8-A076	25	0.18483993	18.483993
TCGA-A8-A079	26	0	0
TCGA-A8-A07B	7	0	0
TCGA-A8-A07E	11	0	0
TCGA-A8-A07G	21	0.292639686	29.2639686
TCGA-A8-A07I	10	0.100132557	10.0132557
TCGA-A8-A07J	2	0	0
TCGA-A8-A07L	27	0.21323176	21.323176
TCGA-A8-A07O	9	0	0
TCGA-A8-A07P	10	0	0
TCGA-A8-A07R	45	0.450582827	45.0582827
TCGA-A8-A07U	14	0	0
TCGA-A8-A07W	27	0.200001767	20.0001767
TCGA-A8-A07Z	13	0	0
TCGA-A8-A081	13	0.184790951	18.4790951
TCGA-A8-A082	4	0	0
TCGA-A8-A083	2	0	0
TCGA-A8-A084	17	0	0
TCGA-A8-A085	21	0.242692614	24.2692614
TCGA-A8-A086	5	0	0
TCGA-A8-A08A	5	0.016134367	1.6134367
TCGA-A8-A08B	15	0	0
TCGA-A8-A08C	0	NA	NA
TCGA-A8-A08F	37	0.150543327	15.0543327
TCGA-A8-A08G	14	0	0
TCGA-A8-A08I	17	0.272448682	27.2448682
TCGA-A8-A08J	18	0	0
TCGA-A8-A08L	37	0.35759594	35.759594
TCGA-A8-A08O	24	0	0
TCGA-A8-A08P	23	0	0
TCGA-A8-A08R	37	0.456839316	45.6839316
TCGA-A8-A08S	10	0.099079153	9.9079153
TCGA-A8-A08T	3	0.103224102	10.3224102
TCGA-A8-A08X	30	0	0
TCGA-A8-A08Z	11	0	0
TCGA-A8-A090	24	0	0
TCGA-A8-A091	15	0	0
TCGA-A8-A092	10	0	0
TCGA-A8-A093	11	0	0
TCGA-A8-A094	38	0.123070789	12.3070789
TCGA-A8-A095	11	0	0
TCGA-A8-A096	12	0.01724639	1.724639
TCGA-A8-A097	25	0.078730612	7.8730612
TCGA-A8-A099	5	0	0
TCGA-A8-A09A	30	0.183048484	18.3048484
TCGA-A8-A09B	23	0.13396244	13.396244
TCGA-A8-A09C	12	0	0
TCGA-A8-A09D	10	0	0
TCGA-A8-A09E	10	0.088447018	8.8447018
TCGA-A8-A09G	8	0	0
TCGA-A8-A09I	14	0	0
TCGA-A8-A09K	19	0.132535584	13.2535584
TCGA-A8-A09M	36	0.608607085	60.8607085
TCGA-A8-A09N	10	0	0
TCGA-A8-A09Q	33	0.156417758	15.6417758
TCGA-A8-A09R	24	0	0
TCGA-A8-A09T	6	0	0
TCGA-A8-A09V	0	0.468343017	46.8343017
TCGA-A8-A09W	31	0.268912132	26.8912132
TCGA-A8-A09X	32	0	0
TCGA-A8-A09Z	4	0	0
TCGA-A8-A0A1	20	0	0
TCGA-A8-A0A2	6	0	0
TCGA-A8-A0A4	19	0	0
TCGA-A8-A0A6	7	1	100
TCGA-A8-A0A9	12	0	0
TCGA-A8-A0AB	10	0	0
TCGA-A8-A0AD	6	0	0
TCGA-AC-A23C	12	0.21514756	21.514756
TCGA-AC-A23E	6	0.113252455	11.3252455
TCGA-AC-A23G	5	0	0
TCGA-AC-A23H	10	0	0
TCGA-AC-A2B8	31	0.10604102	10.604102
TCGA-AC-A2BK	18	0.383240606	38.3240606
TCGA-AC-A2BM	17	0	0
TCGA-AC-A2FE	5	0	0
TCGA-AC-A2FF	7	0.522051914	52.2051914
TCGA-AC-A2FG	4	0.108289908	10.8289908
TCGA-AC-A2FK	6	1	100
TCGA-AC-A2FM	7	0.264338356	26.4338356
TCGA-AC-A2FO	8	0.006415718	0.6415718
TCGA-AC-A2QH	23	0	0
TCGA-AC-A2QI	2	0	0
TCGA-AC-A2QJ	2	0	0
TCGA-AC-A3BB	4	0	0
TCGA-AC-A3EH	6	0	0
TCGA-AC-A3HN	3	0	0
TCGA-AC-A3OD	8	0	0
TCGA-AC-A3QP	3	0	0
TCGA-AC-A3QQ	2	NA	NA
TCGA-AC-A3TM	3	0.174509346	17.4509346
TCGA-AC-A3TN	0	0.090826684	9.0826684
TCGA-AC-A3W5	29	0.461914808	46.1914808
TCGA-AC-A3W7	2	0	0
TCGA-AC-A5EH	18	0.486731987	48.6731987
TCGA-AC-A5EI	8	0	0
TCGA-AC-A5XS	11	0.033745385	3.3745385
TCGA-AC-A5XU	19	0	0
TCGA-AC-A62V	11	NA	NA
TCGA-AC-A62X	17	0	0
TCGA-AC-A62Y	12	0.135570019	13.5570019
TCGA-AC-A6IV	9	NA	NA
TCGA-AC-A6IW	23	NA	NA
TCGA-AC-A6IX	5	NA	NA
TCGA-AC-A6NO	4	NA	NA
TCGA-AC-A7VB	12	NA	NA
TCGA-AC-A7VC	9	NA	NA
TCGA-AC-A8OP	21	NA	NA
TCGA-AN-A03X	2	0	0
TCGA-AN-A03Y	16	0	0
TCGA-AN-A041	22	0	0
TCGA-AN-A046	3	0	0
TCGA-AN-A049	19	0	0
TCGA-AN-A04A	21	0	0
TCGA-AN-A04C	9	0	0
TCGA-AN-A04D	31	0.693585481	69.3585481
TCGA-AN-A0AJ	16	0.058266762	5.8266762
TCGA-AN-A0AK	15	0	0
TCGA-AN-A0AL	34	0.261583632	26.1583632
TCGA-AN-A0AM	15	0	0
TCGA-AN-A0AR	34	0.603429554	60.3429554
TCGA-AN-A0AS	29	0.266800542	26.6800542
TCGA-AN-A0AT	30	0.499443962	49.9443962
TCGA-AN-A0FD	8	0.40439521	40.439521
TCGA-AN-A0FF	6	0	0
TCGA-AN-A0FJ	15	0.015043207	1.5043207
TCGA-AN-A0FK	11	0	0
TCGA-AN-A0FL	31	0.308671258	30.8671258
TCGA-AN-A0FN	3	0.265008957	26.5008957
TCGA-AN-A0FS	11	0	0
TCGA-AN-A0FT	19	0.068424523	6.8424523
TCGA-AN-A0FV	21	0.098719535	9.8719535
TCGA-AN-A0FW	18	0.271780872	27.1780872
TCGA-AN-A0FX	37	0.430351444	43.0351444
TCGA-AN-A0FY	19	0	0
TCGA-AN-A0FZ	11	0	0
TCGA-AN-A0G0	14	0	0
TCGA-AN-A0XL	8	0	0
TCGA-AN-A0XN	33	0.512323987	51.2323987
TCGA-AN-A0XO	13	0	0
TCGA-AN-A0XP	5	0	0
TCGA-AN-A0XR	1	0.064762761	6.4762761
TCGA-AN-A0XS	26	0	0
TCGA-AN-A0XT	14	0	0
TCGA-AN-A0XU	34	0.271565694	27.1565694
TCGA-AN-A0XV	3	0	0
TCGA-AN-A0XW	8	0	0
TCGA-AO-A03L	10	0	0
TCGA-AO-A03M	9	0.030971979	3.0971979
TCGA-AO-A03N	11	0	0
TCGA-AO-A03O	14	0.273935057	27.3935057
TCGA-AO-A03P	11	0.156663727	15.6663727
TCGA-AO-A03R	16	0	0
TCGA-AO-A03T	24	0.108019635	10.8019635
TCGA-AO-A03U	0	0	0
TCGA-AO-A03V	15	0	0
TCGA-AO-A0J2	33	0.395160183	39.5160183
TCGA-AO-A0J3	16	0	0
TCGA-AO-A0J4	33	0.257757875	25.7757875
TCGA-AO-A0J5	8	0.120841489	12.0841489
TCGA-AO-A0J6	34	0.571538186	57.1538186
TCGA-AO-A0J7	4	0	0
TCGA-AO-A0J8	1	0	0
TCGA-AO-A0J9	25	0	0
TCGA-AO-A0JA	12	0.060339717	6.0339717
TCGA-AO-A0JB	42	0.028308646	2.8308646
TCGA-AO-A0JC	9	0.455607837	45.5607837
TCGA-AO-A0JD	22	0.341239779	34.1239779
TCGA-AO-A0JE	13	0	0
TCGA-AO-A0JF	2	0.192303184	19.2303184
TCGA-AO-A0JG	23	NA	NA
TCGA-AO-A0JI	4	0	0
TCGA-AO-A0JJ	24	0	0
TCGA-AO-A0JL	24	0.047749312	4.7749312
TCGA-AO-A0JM	18	0	0
TCGA-AO-A124	34	0.401250116	40.1250116
TCGA-AO-A125	13	0	0
TCGA-AO-A126	9	0	0
TCGA-AO-A128	24	0	0
TCGA-AO-A129	34	0.231156627	23.1156627
TCGA-AO-A12A	7	0	0
TCGA-AO-A12B	4	0	0
TCGA-AO-A12D	16	0	0
TCGA-AO-A12F	26	0	0
TCGA-AO-A12G	11	0.218839889	21.8839889
TCGA-AO-A12H	2	0	0
TCGA-AO-A1KP	6	0	0
TCGA-AO-A1KQ	40	NA	NA
TCGA-AO-A1KR	15	0.294645339	29.4645339
TCGA-AO-A1KS	14	0	0
TCGA-AO-A1KT	10	0	0
TCGA-AQ-A04H	12	0	0
TCGA-AQ-A04J	33	0.204876117	20.4876117
TCGA-AQ-A04L	10	0	0
TCGA-AQ-A0Y5	12	0.03692676	3.692676
TCGA-AQ-A1H2	11	0	0
TCGA-AQ-A1H3	5	0	0
TCGA-AQ-A54N	10	0.205924333	20.5924333
TCGA-AQ-A54O	13	0	0
TCGA-AR-A0TP	32	NA	NA
TCGA-AR-A0TR	9	NA	NA
TCGA-AR-A0TS	34	0	0
TCGA-AR-A0TT	22	NA	NA
TCGA-AR-A0TV	18	NA	NA
TCGA-AR-A0TW	28	NA	NA
TCGA-AR-A0TX	10	0.028803811	2.8803811
TCGA-AR-A0TY	13	0	0
TCGA-AR-A0TZ	8	NA	NA
TCGA-AR-A0U0	14	0	0
TCGA-AR-A0U1	37	0.40164301	40.164301
TCGA-AR-A0U2	27	0	0
TCGA-AR-A0U3	13	0.003189271	0.3189271
TCGA-AR-A0U4	39	NA	NA
TCGA-AR-A1AH	17	0.015886283	1.5886283
TCGA-AR-A1AI	22	0.044916551	4.4916551
TCGA-AR-A1AJ	28	0	0
TCGA-AR-A1AK	4	0	0
TCGA-AR-A1AL	7	0.018516846	1.8516846
TCGA-AR-A1AM	13	0.235541955	23.5541955
TCGA-AR-A1AN	6	0	0
TCGA-AR-A1AP	6	0	0
TCGA-AR-A1AQ	16	0.284054737	28.4054737
TCGA-AR-A1AR	8	0	0
TCGA-AR-A1AS	10	0	0
TCGA-AR-A1AU	13	0	0
TCGA-AR-A1AV	11	0	0
TCGA-AR-A1AY	14	0	0
TCGA-AR-A24H	34	0.47485471	47.485471
TCGA-AR-A24K	10	0.030082834	3.0082834
TCGA-AR-A24L	22	0.423826071	42.3826071
TCGA-AR-A24M	20	0	0
TCGA-AR-A24P	1	0	0
TCGA-AR-A24Q	41	0.35098189	35.098189
TCGA-AR-A24R	9	0.009365046	0.9365046
TCGA-AR-A24S	18	0.037761318	3.7761318
TCGA-AR-A24U	7	0	0
TCGA-AR-A24V	10	0	0
TCGA-AR-A24W	7	0	0
TCGA-AR-A24X	3	0	0
TCGA-AR-A24Z	10	0.19606015	19.606015
TCGA-AR-A250	11	0	0
TCGA-AR-A251	33	0.56314518	56.314518
TCGA-AR-A254	13	0	0
TCGA-AR-A255	16	0	0
TCGA-AR-A256	25	0.531462196	53.1462196
TCGA-AR-A2LE	1	0	0
TCGA-AR-A2LH	4	0	0
TCGA-AR-A2LJ	5	0	0
TCGA-AR-A2LK	2	0	0
TCGA-AR-A2LL	12	0	0
TCGA-AR-A2LM	7	0.33819742	33.819742
TCGA-AR-A2LN	1	0	0
TCGA-AR-A2LO	14	0	0
TCGA-AR-A2LQ	5	0	0
TCGA-AR-A2LR	24	0.141710776	14.1710776
TCGA-AR-A5QN	4	0	0
TCGA-AR-A5QP	4	0	0
TCGA-AR-A5QQ	9	0.369070404	36.9070404
TCGA-B6-A0I1	19	0	0
TCGA-B6-A0I2	13	0	0
TCGA-B6-A0I5	1	0	0
TCGA-B6-A0I6	36	0.502892588	50.2892588
TCGA-B6-A0I8	31	0.454358793	45.4358793
TCGA-B6-A0I9	12	0	0
TCGA-B6-A0IA	13	0	0
TCGA-B6-A0IB	14	0.137400069	13.7400069
TCGA-B6-A0IC	0	0	0
TCGA-B6-A0IE	6	0.103578239	10.3578239
TCGA-B6-A0IG	8	0	0
TCGA-B6-A0IJ	27	0.575186689	57.5186689
TCGA-B6-A0IK	6	0	0
TCGA-B6-A0IM	8	0.216249801	21.6249801
TCGA-B6-A0IN	6	0	0
TCGA-B6-A0IO	23	0	0
TCGA-B6-A0IP	2	0	0
TCGA-B6-A0IQ	29	0	0
TCGA-B6-A0RE	12	0.230890027	23.0890027
TCGA-B6-A0RG	21	0.579420265	57.9420265
TCGA-B6-A0RH	12	0.059938726	5.9938726
TCGA-B6-A0RI	7	0	0
TCGA-B6-A0RL	13	NA	NA
TCGA-B6-A0RM	1	NA	NA
TCGA-B6-A0RN	0	0	0
TCGA-B6-A0RO	6	0.20395438	20.395438
TCGA-B6-A0RP	5	0	0
TCGA-B6-A0RS	39	NA	NA
TCGA-B6-A0RU	18	0.070447681	7.0447681
TCGA-B6-A0RV	14	0	0
TCGA-B6-A0WS	10	0.013183057	1.3183057
TCGA-B6-A0WT	9	0	0
TCGA-B6-A0WV	12	0	0
TCGA-B6-A0WW	7	0	0
TCGA-B6-A0WX	12	0	0
TCGA-B6-A0WY	14	0	0
TCGA-B6-A0WZ	2	0	0
TCGA-B6-A0X0	2	0	0
TCGA-B6-A0X1	33	0.375834808	37.5834808
TCGA-B6-A0X5	2	0	0
TCGA-B6-A0X7	8	0	0
TCGA-B6-A1KC	5	0.073335616	7.3335616
TCGA-B6-A1KF	7	0.140706965	14.0706965
TCGA-B6-A1KI	5	0.133324879	13.3324879
TCGA-B6-A1KN	23	0	0
TCGA-B6-A2IU	3	0	0
TCGA-B6-A400	30	0.311903342	31.1903342
TCGA-B6-A401	9	0.029310066	2.9310066
TCGA-B6-A402	13	0	0
TCGA-B6-A408	6	0.119641035	11.9641035
TCGA-B6-A409	16	0	0
TCGA-B6-A40B	12	0.235221297	23.5221297
TCGA-B6-A40C	3	0.091035534	9.1035534
TCGA-BH-A0AU	13	0	0
TCGA-BH-A0AV	27	0.281064208	28.1064208
TCGA-BH-A0AW	16	0.160156447	16.0156447
TCGA-BH-A0AY	15	0	0
TCGA-BH-A0AZ	36	0.162409067	16.2409067
TCGA-BH-A0B0	3	0	0
TCGA-BH-A0B1	9	0.062255677	6.2255677
TCGA-BH-A0B2	20	NA	NA
TCGA-BH-A0B3	31	0	0
TCGA-BH-A0B4	40	0.067535906	6.7535906
TCGA-BH-A0B5	19	0	0
TCGA-BH-A0B6	15	0	0
TCGA-BH-A0B7	16	0.189791316	18.9791316
TCGA-BH-A0B8	10	0	0
TCGA-BH-A0B9	14	0	0
TCGA-BH-A0BA	12	0	0
TCGA-BH-A0BC	4	0	0
TCGA-BH-A0BD	4	0.121216702	12.1216702
TCGA-BH-A0BF	23	0.195732544	19.5732544
TCGA-BH-A0BG	24	0.28873224	28.873224
TCGA-BH-A0BJ	13	0	0
TCGA-BH-A0BL	32	0.013119402	1.3119402
TCGA-BH-A0BM	2	0.138437583	13.8437583
TCGA-BH-A0BO	1	0	0
TCGA-BH-A0BP	21	0.034249157	3.4249157
TCGA-BH-A0BQ	1	0	0
TCGA-BH-A0BR	17	0	0
TCGA-BH-A0BS	5	0	0
TCGA-BH-A0BT	9	0	0
TCGA-BH-A0BV	35	0	0
TCGA-BH-A0BW	25	0.114001503	11.4001503
TCGA-BH-A0C0	33	0.18462979	18.462979
TCGA-BH-A0C1	8	0	0
TCGA-BH-A0C3	21	0	0
TCGA-BH-A0C7	22	0	0
TCGA-BH-A0DD	10	0	0
TCGA-BH-A0DE	9	0	0
TCGA-BH-A0DG	26	0	0
TCGA-BH-A0DH	11	0	0
TCGA-BH-A0DI	12	0	0
TCGA-BH-A0DK	10	0.349151262	34.9151262
TCGA-BH-A0DL	6	0	0
TCGA-BH-A0DO	0	0	0
TCGA-BH-A0DP	6	0.219122982	21.9122982
TCGA-BH-A0DQ	25	0	0
TCGA-BH-A0DS	8	0	0
TCGA-BH-A0DT	0	0	0
TCGA-BH-A0DX	17	0	0
TCGA-BH-A0DZ	9	0	0
TCGA-BH-A0E0	13	0	0
TCGA-BH-A0E1	1	0	0
TCGA-BH-A0E2	12	0	0
TCGA-BH-A0E6	15	0.172476618	17.2476618
TCGA-BH-A0E7	2	0	0
TCGA-BH-A0E9	15	0	0
TCGA-BH-A0EA	12	0	0
TCGA-BH-A0EB	5	0.009773995	0.9773995
TCGA-BH-A0EE	8	0	0
TCGA-BH-A0EI	9	0	0
TCGA-BH-A0GY	18	0	0
TCGA-BH-A0GZ	8	0.201666795	20.1666795
TCGA-BH-A0H0	7	0	0
TCGA-BH-A0H3	2	0	0
TCGA-BH-A0H6	2	0	0
TCGA-BH-A0H7	16	0	0
TCGA-BH-A0H9	17	0	0
TCGA-BH-A0HA	2	0	0
TCGA-BH-A0HB	9	0	0
TCGA-BH-A0HF	4	0	0
TCGA-BH-A0HI	8	0	0
TCGA-BH-A0HK	2	0	0
TCGA-BH-A0HL	9	0	0
TCGA-BH-A0HN	13	0	0
TCGA-BH-A0HO	0	0	0
TCGA-BH-A0HP	6	0	0
TCGA-BH-A0HQ	12	0	0
TCGA-BH-A0HU	19	0	0
TCGA-BH-A0HW	19	0	0
TCGA-BH-A0HX	13	0.269066881	26.9066881
TCGA-BH-A0HY	27	0	0
TCGA-BH-A0W3	10	0	0
TCGA-BH-A0W4	3	0	0
TCGA-BH-A0W5	8	0	0
TCGA-BH-A0W7	10	0	0
TCGA-BH-A0WA	31	0.573190674	57.3190674
TCGA-BH-A18F	5	0.008985737	0.8985737
TCGA-BH-A18G	5	0	0
TCGA-BH-A18H	17	0.107591778	10.7591778
TCGA-BH-A18I	3	0	0
TCGA-BH-A18J	9	0	0
TCGA-BH-A18K	16	0	0
TCGA-BH-A18L	8	0	0
TCGA-BH-A18M	20	0	0
TCGA-BH-A18N	0	0.009026285	0.9026285
TCGA-BH-A18Q	33	0.362887262	36.2887262
TCGA-BH-A18R	15	0.256466576	25.6466576
TCGA-BH-A18S	4	0	0
TCGA-BH-A18U	21	0.093640321	9.3640321
TCGA-BH-A18V	36	0.502667047	50.2667047
TCGA-BH-A1EN	18	0.04349762	4.349762
TCGA-BH-A1EO	4	0	0
TCGA-BH-A1ES	4	0	0
TCGA-BH-A1ET	0	0	0
TCGA-BH-A1EU	13	0	0
TCGA-BH-A1EV	12	0.001349466	0.1349466
TCGA-BH-A1EW	15	0	0
TCGA-BH-A1EX	3	0	0
TCGA-BH-A1EY	10	0	0
TCGA-BH-A1F2	15	0	0
TCGA-BH-A1F5	1	0	0
TCGA-BH-A1F6	20	0.03425752	3.425752
TCGA-BH-A1F8	11	0.03240216	3.240216
TCGA-BH-A1FC	26	0.123404422	12.3404422
TCGA-BH-A1FD	21	0	0
TCGA-BH-A1FE	13	0	0
TCGA-BH-A1FG	7	0	0
TCGA-BH-A1FJ	3	0	0
TCGA-BH-A1FL	7	0	0
TCGA-BH-A1FM	14	0	0
TCGA-BH-A1FN	25	0	0
TCGA-BH-A1FU	10	0.061222796	6.1222796
TCGA-BH-A201	9	0.161751491	16.1751491
TCGA-BH-A202	8	0.216870682	21.6870682
TCGA-BH-A203	26	0	0
TCGA-BH-A204	11	0	0
TCGA-BH-A208	10	0	0
TCGA-BH-A209	7	0	0
TCGA-BH-A28O	0	0	0
TCGA-BH-A28Q	5	0	0
TCGA-BH-A2L8	3	0	0
TCGA-BH-A42T	16	0	0
TCGA-BH-A42U	0	0	0
TCGA-BH-A42V	5	0	0
TCGA-BH-A5IZ	21	0.281389822	28.1389822
TCGA-BH-A5J0	24	0	0
TCGA-BH-A6R8	5	NA	NA
TCGA-BH-A6R9	15	NA	NA
TCGA-BH-A8FY	7	NA	NA
TCGA-BH-A8FZ	29	NA	NA
TCGA-BH-A8G0	0	NA	NA
TCGA-C8-A12K	43	0.28364228	28.364228
TCGA-C8-A12L	40	0.392166304	39.2166304
TCGA-C8-A12M	13	0	0
TCGA-C8-A12N	1	0.150917285	15.0917285
TCGA-C8-A12O	17	0	0
TCGA-C8-A12P	31	0	0
TCGA-C8-A12Q	25	0	0
TCGA-C8-A12T	13	0	0
TCGA-C8-A12U	25	0	0
TCGA-C8-A12W	22	0	0
TCGA-C8-A12X	14	0	0
TCGA-C8-A12Y	10	0	0
TCGA-C8-A12Z	9	0	0
TCGA-C8-A130	31	0	0
TCGA-C8-A131	16	0.046512303	4.6512303
TCGA-C8-A132	16	0	0
TCGA-C8-A134	37	0.494535812	49.4535812
TCGA-C8-A135	7	0.035478775	3.5478775
TCGA-C8-A137	11	0	0
TCGA-C8-A138	22	0	0
TCGA-C8-A1HE	6	0	0
TCGA-C8-A1HF	12	0	0
TCGA-C8-A1HG	17	0.031099821	3.1099821
TCGA-C8-A1HI	5	0.230032388	23.0032388
TCGA-C8-A1HJ	25	0.636361225	63.6361225
TCGA-C8-A1HK	9	0.013498321	1.3498321
TCGA-C8-A1HL	19	0	0
TCGA-C8-A1HM	29	0.067760789	6.7760789
TCGA-C8-A1HN	13	0.022730052	2.2730052
TCGA-C8-A1HO	4	0	0
TCGA-C8-A26V	23	0.145305172	14.5305172
TCGA-C8-A26W	8	0	0
TCGA-C8-A26X	26	0.050879764	5.0879764
TCGA-C8-A26Y	12	0.022740786	2.2740786
TCGA-C8-A26Z	8	0.114726998	11.4726998
TCGA-C8-A273	18	0	0
TCGA-C8-A274	12	0	0
TCGA-C8-A275	11	0.012510546	1.2510546
TCGA-C8-A278	25	0.027403018	2.7403018
TCGA-C8-A27A	18	0	0
TCGA-C8-A27B	31	0.431830295	43.1830295
TCGA-C8-A3M7	9	0	0
TCGA-C8-A3M8	8	0	0
TCGA-C8-A8HQ	14	NA	NA
TCGA-C8-A8HR	23	NA	NA
TCGA-D8-A13Y	25	0.065517708	6.5517708
TCGA-D8-A13Z	20	0.101381659	10.1381659
TCGA-D8-A140	8	0	0
TCGA-D8-A141	22	0.038702652	3.8702652
TCGA-D8-A142	16	0.100507637	10.0507637
TCGA-D8-A143	20	0.128720604	12.8720604
TCGA-D8-A145	26	0.370806575	37.0806575
TCGA-D8-A146	18	0	0
TCGA-D8-A147	35	0.416299872	41.6299872
TCGA-D8-A1J8	5	0	0
TCGA-D8-A1J9	16	0	0
TCGA-D8-A1JA	16	0	0
TCGA-D8-A1JB	31	0	0
TCGA-D8-A1JC	12	0	0
TCGA-D8-A1JD	34	0.348135165	34.8135165
TCGA-D8-A1JE	40	0	0
TCGA-D8-A1JF	9	0.042395425	4.2395425
TCGA-D8-A1JG	16	0.001312221	0.1312221
TCGA-D8-A1JI	4	0	0
TCGA-D8-A1JJ	13	0	0
TCGA-D8-A1JK	35	0.249878829	24.9878829
TCGA-D8-A1JL	42	0.349426831	34.9426831
TCGA-D8-A1JM	12	0.045674764	4.5674764
TCGA-D8-A1JN	2	0	0
TCGA-D8-A1JP	34	0.391530717	39.1530717
TCGA-D8-A1JS	2	0	0
TCGA-D8-A1JT	6	0.047664925	4.7664925
TCGA-D8-A1JU	5	0	0
TCGA-D8-A1X5	15	0	0
TCGA-D8-A1X6	5	0.23940421	23.940421
TCGA-D8-A1X8	5	0	0
TCGA-D8-A1X9	26	0	0
TCGA-D8-A1XA	2	0	0
TCGA-D8-A1XB	7	0	0
TCGA-D8-A1XD	3	NA	NA
TCGA-D8-A1XF	5	0	0
TCGA-D8-A1XG	4	0	0
TCGA-D8-A1XJ	17	0	0
TCGA-D8-A1XK	28	0	0
TCGA-D8-A1XL	27	0.581409003	58.1409003
TCGA-D8-A1XM	7	0	0
TCGA-D8-A1XO	6	0	0
TCGA-D8-A1XQ	36	0.095395896	9.5395896
TCGA-D8-A1XR	14	0	0
TCGA-D8-A1XS	3	0.014153968	1.4153968
TCGA-D8-A1XT	14	0.21072535	21.072535
TCGA-D8-A1XU	8	0	0
TCGA-D8-A1XV	1	0	0
TCGA-D8-A1XW	29	0.318722207	31.8722207
TCGA-D8-A1XY	13	0	0
TCGA-D8-A1XZ	13	0	0
TCGA-D8-A1Y0	22	0.2783791	27.83791
TCGA-D8-A1Y1	5	0	0
TCGA-D8-A1Y2	16	0	0
TCGA-D8-A1Y3	18	0.241298471	24.1298471
TCGA-D8-A27F	38	0.51293986	51.293986
TCGA-D8-A27G	5	0.074094072	7.4094072
TCGA-D8-A27H	37	0.515852366	51.5852366
TCGA-D8-A27I	8	0	0
TCGA-D8-A27K	2	0	0
TCGA-D8-A27L	3	0	0
TCGA-D8-A27M	29	0.320010631	32.0010631
TCGA-D8-A27N	5	0	0
TCGA-D8-A27P	2	0	0
TCGA-D8-A27R	21	0.126533742	12.6533742
TCGA-D8-A27T	7	0	0
TCGA-D8-A27V	7	0	0
TCGA-D8-A27W	10	0	0
TCGA-D8-A3Z5	1	0.269120915	26.9120915
TCGA-D8-A3Z6	2	0	0
TCGA-D8-A73U	4	NA	NA
TCGA-D8-A73W	3	NA	NA
TCGA-D8-A73X	3	NA	NA
TCGA-E2-A105	6	0.180962776	18.0962776
TCGA-E2-A107	8	0	0
TCGA-E2-A109	14	0.0506744	5.06744
TCGA-E2-A10A	10	0.166680653	16.6680653
TCGA-E2-A10B	3	0	0
TCGA-E2-A10C	10	0	0
TCGA-E2-A10E	6	0	0
TCGA-E2-A10F	6	0	0
TCGA-E2-A14N	37	0.248814958	24.8814958
TCGA-E2-A14O	5	0	0
TCGA-E2-A14P	27	0	0
TCGA-E2-A14Q	15	0	0
TCGA-E2-A14R	36	0.363917648	36.3917648
TCGA-E2-A14S	5	0	0
TCGA-E2-A14T	10	0	0
TCGA-E2-A14U	0	0	0
TCGA-E2-A14V	13	0	0
TCGA-E2-A14W	33	0.559122246	55.9122246
TCGA-E2-A14X	12	0.083173066	8.3173066
TCGA-E2-A14Y	15	0.211944498	21.1944498
TCGA-E2-A14Z	10	0.053755357	5.3755357
TCGA-E2-A150	17	0.223189344	22.3189344
TCGA-E2-A152	23	0	0
TCGA-E2-A153	1	0	0
TCGA-E2-A155	3	0.015250599	1.5250599
TCGA-E2-A156	6	0	0
TCGA-E2-A158	40	0.492582895	49.2582895
TCGA-E2-A15A	22	0	0
TCGA-E2-A15C	6	0	0
TCGA-E2-A15D	3	0	0
TCGA-E2-A15E	13	0	0
TCGA-E2-A15F	29	0	0
TCGA-E2-A15G	9	0.010868785	1.0868785
TCGA-E2-A15H	13	0	0
TCGA-E2-A15I	2	0.836337336	83.6337336
TCGA-E2-A15J	1	0	0
TCGA-E2-A15K	6	0.043430877	4.3430877
TCGA-E2-A15L	8	0	0
TCGA-E2-A15M	24	0.195868864	19.5868864
TCGA-E2-A15O	8	0.155110319	15.5110319
TCGA-E2-A15P	9	0	0
TCGA-E2-A15R	7	0	0
TCGA-E2-A15S	30	0.25458312	25.458312
TCGA-E2-A15T	7	0	0
TCGA-E2-A1AZ	17	0	0
TCGA-E2-A1B0	33	0	0
TCGA-E2-A1B4	1	0	0
TCGA-E2-A1BC	4	0.027762217	2.7762217
TCGA-E2-A1BD	12	0	0
TCGA-E2-A1IE	11	0	0
TCGA-E2-A1IF	4	0	0
TCGA-E2-A1IG	6	0.134706201	13.4706201
TCGA-E2-A1IH	7	0	0
TCGA-E2-A1II	11	0.245658183	24.5658183
TCGA-E2-A1IJ	3	0	0
TCGA-E2-A1IL	6	0	0
TCGA-E2-A1IN	5	0.118732481	11.8732481
TCGA-E2-A1IO	21	0	0
TCGA-E2-A1IU	0	0	0
TCGA-E2-A1L6	5	0	0
TCGA-E2-A1L7	33	0.317433732	31.7433732
TCGA-E2-A1L8	6	0.104903184	10.4903184
TCGA-E2-A1L9	2	0.038295819	3.8295819
TCGA-E2-A1LA	35	0.530251208	53.0251208
TCGA-E2-A1LB	7	0	0
TCGA-E2-A1LE	16	0.070266077	7.0266077
TCGA-E2-A1LG	6	0	0
TCGA-E2-A1LH	38	0.557654994	55.7654994
TCGA-E2-A1LI	22	0	0
TCGA-E2-A1LK	16	0	0
TCGA-E2-A1LL	30	0.49883017	49.883017
TCGA-E2-A2P5	12	0.020950749	2.0950749
TCGA-E2-A2P6	6	0.017988893	1.7988893
TCGA-E2-A3DX	3	0	0
TCGA-E2-A56Z	15	0	0
TCGA-E2-A570	3	0.161063851	16.1063851
TCGA-E2-A572	17	NA	NA
TCGA-E2-A573	15	0.299361773	29.9361773
TCGA-E2-A574	24	0.067124095	6.7124095
TCGA-E2-A576	10	NA	NA
TCGA-E9-A1N3	4	0	0
TCGA-E9-A1N4	6	0.24350709	24.350709
TCGA-E9-A1N5	7	0	0
TCGA-E9-A1N6	8	NA	NA
TCGA-E9-A1N8	13	0.065562604	6.5562604
TCGA-E9-A1N9	18	0.022707416	2.2707416
TCGA-E9-A1NA	22	0.01734957	1.734957
TCGA-E9-A1NC	33	0	0
TCGA-E9-A1ND	25	0.121864181	12.1864181
TCGA-E9-A1NE	29	0.582340717	58.2340717
TCGA-E9-A1NF	21	0	0
TCGA-E9-A1NG	9	0	0
TCGA-E9-A1NH	15	0	0
TCGA-E9-A1NI	21	0	0
TCGA-E9-A1R0	2	0	0
TCGA-E9-A1R2	25	0.118333917	11.8333917
TCGA-E9-A1R3	8	0	0
TCGA-E9-A1R4	33	0	0
TCGA-E9-A1R5	1	0	0
TCGA-E9-A1R6	7	0	0
TCGA-E9-A1R7	10	0	0
TCGA-E9-A1RA	22	0	0
TCGA-E9-A1RB	8	0.035351269	3.5351269
TCGA-E9-A1RC	8	0.253913265	25.3913265
TCGA-E9-A1RD	2	0.153415497	15.3415497
TCGA-E9-A1RE	18	0	0
TCGA-E9-A1RF	29	0.521081416	52.1081416
TCGA-E9-A1RG	21	0.05263544	5.263544
TCGA-E9-A1RH	21	0.090822078	9.0822078
TCGA-E9-A1RI	4	0	0
TCGA-E9-A226	11	0	0
TCGA-E9-A227	0	0.170798858	17.0798858
TCGA-E9-A228	9	0	0
TCGA-E9-A229	11	0	0
TCGA-E9-A22A	6	0.051172044	5.1172044
TCGA-E9-A22B	9	0	0
TCGA-E9-A22D	24	0	0
TCGA-E9-A22E	43	0.381684584	38.1684584
TCGA-E9-A22G	40	0.27729053	27.729053
TCGA-E9-A22H	2	0.114148469	11.4148469
TCGA-E9-A243	34	0.346476782	34.6476782
TCGA-E9-A244	33	0.415511812	41.5511812
TCGA-E9-A247	22	0.01531948	1.531948
TCGA-E9-A248	26	0	0
TCGA-E9-A249	16	0	0
TCGA-E9-A24A	2	0	0
TCGA-E9-A295	17	0	0
TCGA-E9-A2JS	28	0	0
TCGA-E9-A2JT	0	0	0
TCGA-E9-A3HO	37	0.25260963	25.260963
TCGA-E9-A3Q9	2	0	0
TCGA-E9-A3QA	27	0	0
TCGA-E9-A3X8	3	0.017295431	1.7295431
TCGA-E9-A54X	4	0	0
TCGA-E9-A54Y	15	0	0
TCGA-E9-A5FL	26	0.192450831	19.2450831
TCGA-E9-A5UO	7	0.027419774	2.7419774
TCGA-E9-A5UP	10	0	0
TCGA-E9-A6HE	4	NA	NA
TCGA-EW-A1IW	10	0.066642897	6.6642897
TCGA-EW-A1IX	10	0	0
TCGA-EW-A1IY	17	0	0
TCGA-EW-A1IZ	5	0	0
TCGA-EW-A1J1	8	0	0
TCGA-EW-A1J2	11	0	0
TCGA-EW-A1J3	8	0.155959276	15.5959276
TCGA-EW-A1J5	36	0.032926803	3.2926803
TCGA-EW-A1J6	13	0.120767983	12.0767983
TCGA-EW-A1OV	23	0	0
TCGA-EW-A1OW	21	NA	NA
TCGA-EW-A1OX	3	0	0
TCGA-EW-A1OY	19	0	0
TCGA-EW-A1OZ	17	0.035160388	3.5160388
TCGA-EW-A1P0	9	0.438878191	43.8878191
TCGA-EW-A1P1	0	0	0
TCGA-EW-A1P3	5	0	0
TCGA-EW-A1P4	31	0.252463983	25.2463983
TCGA-EW-A1P5	37	0	0
TCGA-EW-A1P6	18	0	0
TCGA-EW-A1P8	8	0.237883067	23.7883067
TCGA-EW-A1PA	10	0.197861204	19.7861204
TCGA-EW-A1PB	24	0.339954446	33.9954446
TCGA-EW-A1PC	21	0.126197832	12.6197832
TCGA-EW-A1PD	32	0.494121239	49.4121239
TCGA-EW-A1PE	4	0.095791897	9.5791897
TCGA-EW-A1PF	12	NA	NA
TCGA-EW-A1PG	1	0	0
TCGA-EW-A1PH	21	0	0
TCGA-EW-A2FR	10	0.106908562	10.6908562
TCGA-EW-A2FS	13	0.069571766	6.9571766
TCGA-EW-A2FV	7	0	0
TCGA-EW-A2FW	14	0	0
TCGA-EW-A3E8	10	0	0
TCGA-EW-A3U0	34	0.191495282	19.1495282
TCGA-EW-A423	13	0.135165345	13.5165345
TCGA-EW-A6S9	18	NA	NA
TCGA-EW-A6SA	18	NA	NA
TCGA-EW-A6SC	6	NA	NA
TCGA-EW-A6SD	11	NA	NA
TCGA-GI-A2C8	17	0.324145122	32.4145122
TCGA-GI-A2C9	46	0.495622389	49.5622389
TCGA-GM-A2D9	8	0	0
TCGA-GM-A2DA	3	0	0
TCGA-GM-A2DB	36	0.326390992	32.6390992
TCGA-GM-A2DC	4	0	0
TCGA-GM-A2DD	19	0.159684727	15.9684727
TCGA-GM-A2DF	27	0.002562738	0.2562738
TCGA-GM-A2DH	36	0.226791822	22.6791822
TCGA-GM-A2DK	4	0	0
TCGA-GM-A2DL	7	0	0
TCGA-GM-A2DM	2	0.05046928	5.046928
TCGA-GM-A2DN	7	0	0
TCGA-GM-A3NW	9	0	0
TCGA-GM-A3NY	6	0.106142873	10.6142873
TCGA-GM-A3XG	0	0	0
TCGA-GM-A3XL	44	0.439134013	43.9134013
TCGA-GM-A3XN	11	0	0
TCGA-GM-A4E0	8	0	0
TCGA-GM-A5PV	2	0	0
TCGA-GM-A5PX	3	0	0
TCGA-HN-A2NL	26	0.409934522	40.9934522
TCGA-HN-A2OB	8	0	0
TCGA-JL-A3YW	16	0.094106528	9.4106528
TCGA-JL-A3YX	11	0	0
TCGA-LD-A66U	10	NA	NA
TCGA-LD-A74U	6	NA	NA
TCGA-LD-A7W5	15	NA	NA
TCGA-LD-A7W6	4	NA	NA
TCGA-LL-A440	0	0	0
TCGA-LL-A442	8	NA	NA
TCGA-LL-A50Y	4	0	0
TCGA-LL-A5YL	14	0	0
TCGA-LL-A5YM	10	0.043438804	4.3438804
TCGA-LL-A5YN	20	0.141399145	14.1399145
TCGA-LL-A5YP	35	0.178146747	17.8146747
TCGA-LL-A6FP	9	NA	NA
TCGA-LL-A6FQ	4	NA	NA
TCGA-LL-A6FR	17	NA	NA
TCGA-LL-A73Y	15	NA	NA
TCGA-LL-A740	4	NA	NA
TCGA-LL-A7SZ	19	NA	NA
TCGA-LL-A7T0	31	NA	NA
TCGA-LL-A8F5	30	NA	NA
TCGA-LQ-A4E4	6	0	0
TCGA-OL-A5D6	13	0	0
TCGA-OL-A5D7	11	0.242831566	24.2831566
TCGA-OL-A5D8	8	0	0
TCGA-OL-A5DA	5	0	0
TCGA-OL-A5RU	8	0	0
TCGA-OL-A5RW	31	0.46129112	46.129112
TCGA-OL-A5RX	6	0	0
TCGA-OL-A5RY	0	0.159997874	15.9997874
TCGA-OL-A5RZ	15	0.013003758	1.3003758
TCGA-OL-A5S0	23	0	0
TCGA-OL-A66H	0	0.270143671	27.0143671
TCGA-OL-A66J	5	0	0
TCGA-OL-A66K	5	0	0
TCGA-OL-A66L	15	NA	NA
TCGA-OL-A66N	12	NA	NA
TCGA-OL-A66O	3	NA	NA
TCGA-OL-A66P	21	NA	NA
TCGA-OL-A6VO	20	NA	NA
TCGA-OL-A6VR	5	NA	NA
TCGA-PE-A5DC	22	0.34050011	34.050011
TCGA-PE-A5DD	12	0	0
TCGA-PE-A5DE	19	0	0
TCGA-PL-A8LZ	28	NA	NA
TCGA-S3-A6ZF	20	NA	NA
TCGA-S3-A6ZG	14	NA	NA
TCGA-S3-A6ZH	8	NA	NA
TCGA-V7-A7HQ	2	NA	NA
TCGA-W8-A86G	5	NA	NA
TCGA-XX-A89A	2	NA	NA
TCGA-04-1331	25	0.447489686109544	44.7489686109544
TCGA-04-1332	30	0	0
TCGA-04-1335	19	NA	NA
TCGA-04-1336	24	0.349208186833644	34.9208186833644
TCGA-04-1337	12	0.158205233457736	15.8205233457736
TCGA-04-1338	46	0.417226693969281	41.7226693969281
TCGA-04-1341	17	NA	NA
TCGA-04-1342	19	0.14883845702248	14.883845702248
TCGA-04-1343	18	0.206993823155156	20.6993823155156
TCGA-04-1346	22	0.0538040007359577	5.38040007359577
TCGA-04-1347	37	0.342788029039527	34.2788029039527
TCGA-04-1348	17	0	0
TCGA-04-1349	15	0.170548978376829	17.0548978376829
TCGA-04-1350	7	0.314100818506214	31.4100818506214
TCGA-04-1351	16	NA	NA
TCGA-04-1353	35	NA	NA
TCGA-04-1356	39	0.528794256015884	52.8794256015884
TCGA-04-1357	35	0.500714473875627	50.0714473875627
TCGA-04-1360	42	NA	NA
TCGA-04-1361	33	0.397843076842433	39.7843076842433
TCGA-04-1362	41	0.561205682431428	56.1205682431428
TCGA-04-1365	26	0.0109980651976082	1.09980651976082
TCGA-04-1367	19	0.543101874598748	54.3101874598748
TCGA-04-1371	16	NA	NA
TCGA-04-1514	15	0.204277135257802	20.4277135257802
TCGA-04-1516	31	NA	NA
TCGA-04-1517	12	0	0
TCGA-04-1519	4	NA	NA
TCGA-04-1525	10	0.432518009201955	43.2518009201955
TCGA-04-1530	45	0.600516044073086	60.0516044073086
TCGA-04-1536	38	NA	NA
TCGA-04-1542	18	0.287725247056166	28.7725247056166
TCGA-04-1638	16	NA	NA
TCGA-04-1644	20	NA	NA
TCGA-04-1646	7	NA	NA
TCGA-04-1648	20	NA	NA
TCGA-04-1649	21	NA	NA
TCGA-04-1651	36	NA	NA
TCGA-04-1652	15	NA	NA
TCGA-04-1654	34	NA	NA
TCGA-04-1655	9	NA	NA
TCGA-09-0364	27	NA	NA
TCGA-09-0365	12	NA	NA
TCGA-09-0366	7	0.0911177967176116	9.11177967176116
TCGA-09-0367	44	NA	NA
TCGA-09-0369	26	0.194781787909116	19.4781787909116
TCGA-09-1659	5	0	0
TCGA-09-1661	16	0.0143271817828067	1.43271817828067
TCGA-09-1662	28	0.3274457823085	32.74457823085
TCGA-09-1664	5	NA	NA
TCGA-09-1665	32	0.310584114208296	31.0584114208296
TCGA-09-1666	28	0.174624106330243	17.4624106330243
TCGA-09-1667	20	NA	NA
TCGA-09-1668	33	NA	NA
TCGA-09-1669	24	0.306380528670668	30.6380528670668
TCGA-09-1670	8	NA	NA
TCGA-09-1672	4	NA	NA
TCGA-09-1673	12	NA	NA
TCGA-09-1674	25	NA	NA
TCGA-09-1675	35	NA	NA
TCGA-09-2043	40	NA	NA
TCGA-09-2044	32	0.347205731760035	34.7205731760035
TCGA-09-2045	26	0	0
TCGA-09-2049	37	0.427410115978384	42.7410115978384
TCGA-09-2050	28	0.32896176952605	32.896176952605
TCGA-09-2051	41	0.546412324867112	54.6412324867112
TCGA-09-2053	9	0.372037017431974	37.2037017431974
TCGA-09-2054	22	NA	NA
TCGA-09-2055	26	NA	NA
TCGA-09-2056	28	0.601281687480823	60.1281687480823
TCGA-10-0925	21	NA	NA
TCGA-10-0926	7	0	0
TCGA-10-0927	12	0.0356369415859748	3.56369415859748
TCGA-10-0928	48	0.21200971708895	21.200971708895
TCGA-10-0930	41	0.623994313893422	62.3994313893422
TCGA-10-0931	25	0.421076000295649	42.1076000295649
TCGA-10-0933	16	0	0
TCGA-10-0934	8	0	0
TCGA-10-0935	25	0.105472151319108	10.5472151319108
TCGA-10-0936	26	NA	NA
TCGA-10-0937	34	0.562084422476024	56.2084422476024
TCGA-10-0938	17	0	0
TCGA-13-0714	45	0.311450024688017	31.1450024688017
TCGA-13-0717	11	0.443253685122813	44.3253685122813
TCGA-13-0720	24	0.294180991391475	29.4180991391475
TCGA-13-0723	16	0	0
TCGA-13-0724	22	0.45160822310769	45.160822310769
TCGA-13-0725	26	NA	NA
TCGA-13-0726	27	0.39524682730275	39.524682730275
TCGA-13-0727	6	0	0
TCGA-13-0730	19	0.119251215529924	11.9251215529924
TCGA-13-0751	29	0.183830239475373	18.3830239475373
TCGA-13-0755	27	0.424040745589343	42.4040745589343
TCGA-13-0757	19	NA	NA
TCGA-13-0758	31	NA	NA
TCGA-13-0760	45	0.366280552399411	36.6280552399411
TCGA-13-0761	39	0.529944373747946	52.9944373747946
TCGA-13-0762	30	0.41773334100265	41.773334100265
TCGA-13-0764	14	NA	NA
TCGA-13-0765	6	0	0
TCGA-13-0766	35	NA	NA
TCGA-13-0768	14	NA	NA
TCGA-13-0791	13	0.0708618218841444	7.08618218841444
TCGA-13-0792	43	0.388198665978264	38.8198665978264
TCGA-13-0793	22	0	0
TCGA-13-0794	25	NA	NA
TCGA-13-0795	26	0.340160025042452	34.0160025042452
TCGA-13-0797	22	NA	NA
TCGA-13-0799	23	NA	NA
TCGA-13-0800	5	0	0
TCGA-13-0801	34	NA	NA
TCGA-13-0802	22	NA	NA
TCGA-13-0803	28	NA	NA
TCGA-13-0804	12	0	0
TCGA-13-0805	21	NA	NA
TCGA-13-0807	11	0.103290818460385	10.3290818460385
TCGA-13-0883	42	0.267455311082849	26.7455311082849
TCGA-13-0884	38	0.514986194956325	51.4986194956325
TCGA-13-0885	27	0.520505354262607	52.0505354262607
TCGA-13-0886	37	0.275145475149417	27.5145475149417
TCGA-13-0887	39	0.28425594048538	28.425594048538
TCGA-13-0888	19	NA	NA
TCGA-13-0889	18	0.0800434998777779	8.00434998777779
TCGA-13-0890	27	0.659865269665986	65.9865269665986
TCGA-13-0891	13	0	0
TCGA-13-0893	36	0.432295877788086	43.2295877788086
TCGA-13-0894	25	0.413392121631797	41.3392121631797
TCGA-13-0897	38	0.446150788508839	44.6150788508839
TCGA-13-0899	16	0.0136588339444288	1.36588339444288
TCGA-13-0900	31	0.564005095785325	56.4005095785325
TCGA-13-0901	17	NA	NA
TCGA-13-0903	28	0.58045531030058	58.045531030058
TCGA-13-0904	35	0.317591818583346	31.7591818583346
TCGA-13-0905	50	0.522083538237406	52.2083538237406
TCGA-13-0906	30	0.341165986352703	34.1165986352703
TCGA-13-0908	35	NA	NA
TCGA-13-0910	13	0	0
TCGA-13-0911	19	0.300946028630346	30.0946028630346
TCGA-13-0912	8	0.152577302499393	15.2577302499393
TCGA-13-0913	34	0.39055684169206	39.055684169206
TCGA-13-0916	26	0.00515423503262702	0.515423503262702
TCGA-13-0919	27	0.606300203664538	60.6300203664538
TCGA-13-0920	39	0.335513511778667	33.5513511778667
TCGA-13-0921	12	NA	NA
TCGA-13-0923	37	0.44436811320352	44.436811320352
TCGA-13-0924	27	0.357030033218666	35.7030033218666
TCGA-13-1403	24	0.044825515720326	4.4825515720326
TCGA-13-1404	32	0.497621072264952	49.7621072264952
TCGA-13-1405	9	0	0
TCGA-13-1407	14	0.0739034917427302	7.39034917427302
TCGA-13-1408	44	0.335009909198592	33.5009909198592
TCGA-13-1409	16	0.113847051309949	11.3847051309949
TCGA-13-1410	19	0.162495298594909	16.2495298594909
TCGA-13-1411	21	0.0741347191100323	7.41347191100323
TCGA-13-1412	36	0.556049530180898	55.6049530180898
TCGA-13-1477	4	0.113758518522688	11.3758518522688
TCGA-13-1481	52	0.412411506961713	41.2411506961713
TCGA-13-1482	22	0.253912485224672	25.3912485224672
TCGA-13-1483	36	0	0
TCGA-13-1484	18	0.106002568293453	10.6002568293453
TCGA-13-1485	7	NA	NA
TCGA-13-1487	12	0.122581306154947	12.2581306154947
TCGA-13-1488	37	0.420809806197515	42.0809806197515
TCGA-13-1489	35	0.362774220386182	36.2774220386182
TCGA-13-1491	13	0	0
TCGA-13-1492	10	0	0
TCGA-13-1494	30	0.235076903435029	23.5076903435029
TCGA-13-1495	17	0	0
TCGA-13-1496	12	0	0
TCGA-13-1497	45	0.533409797281838	53.3409797281838
TCGA-13-1498	35	0.25332762852918	25.332762852918
TCGA-13-1499	39	0.367571769620591	36.7571769620591
TCGA-13-1500	19	NA	NA
TCGA-13-1501	38	0.705781120743173	70.5781120743173
TCGA-13-1504	22	0	0
TCGA-13-1505	26	0.0439111047845159	4.39111047845159
TCGA-13-1506	26	0.111437756478714	11.1437756478714
TCGA-13-1507	16	0.461772852858316	46.1772852858316
TCGA-13-1509	30	0.0111280389870762	1.11280389870762
TCGA-13-1510	36	0.583557228544014	58.3557228544014
TCGA-13-1511	13	NA	NA
TCGA-13-1512	31	0.437132815142326	43.7132815142326
TCGA-13-1817	7	NA	NA
TCGA-13-1819	46	NA	NA
TCGA-13-2057	28	NA	NA
TCGA-13-2059	32	NA	NA
TCGA-13-2060	14	0	0
TCGA-13-2061	38	NA	NA
TCGA-13-2065	25	NA	NA
TCGA-13-2071	38	NA	NA
TCGA-13-A5FT	22	NA	NA
TCGA-13-A5FU	31	NA	NA
TCGA-20-0987	11	0	0
TCGA-20-0990	21	0.239025274000455	23.9025274000455
TCGA-20-0991	14	0.115415068387265	11.5415068387265
TCGA-20-1682	28	NA	NA
TCGA-20-1683	10	NA	NA
TCGA-20-1684	11	NA	NA
TCGA-20-1685	39	NA	NA
TCGA-20-1686	16	NA	NA
TCGA-20-1687	45	NA	NA
TCGA-23-1021	25	0.250737516698027	25.0737516698027
TCGA-23-1022	45	0.584308197541347	58.4308197541347
TCGA-23-1023	25	0.151462496627332	15.1462496627332
TCGA-23-1024	24	0.208040743563028	20.8040743563028
TCGA-23-1026	28	0	0
TCGA-23-1027	29	0.272927684049036	27.2927684049036
TCGA-23-1028	36	0	0
TCGA-23-1029	16	NA	NA
TCGA-23-1030	13	0	0
TCGA-23-1031	38	0.734814768063999	73.4814768063999
TCGA-23-1032	37	0.194157387702682	19.4157387702682
TCGA-23-1107	32	NA	NA
TCGA-23-1109	15	NA	NA
TCGA-23-1110	34	0.504284707152354	50.4284707152354
TCGA-23-1111	23	NA	NA
TCGA-23-1113	2	NA	NA
TCGA-23-1114	39	NA	NA
TCGA-23-1116	22	0.194686568309185	19.4686568309185
TCGA-23-1117	33	0.380370821717188	38.0370821717188
TCGA-23-1118	40	0.169743073648758	16.9743073648758
TCGA-23-1119	34	NA	NA
TCGA-23-1120	31	0.536749723887644	53.6749723887644
TCGA-23-1121	40	NA	NA
TCGA-23-1122	40	0.551482455910556	55.1482455910556
TCGA-23-1123	19	0.250925842227286	25.0925842227286
TCGA-23-1124	37	0.585328676967046	58.5328676967046
TCGA-23-1809	18	NA	NA
TCGA-23-2072	14	0.31071374399059	31.071374399059
TCGA-23-2077	34	0.453418100079972	45.3418100079972
TCGA-23-2078	38	0.401971694623349	40.1971694623349
TCGA-23-2079	38	0.242042472015751	24.2042472015751
TCGA-23-2081	30	0.536898749127575	53.6898749127575
TCGA-23-2084	38	NA	NA
TCGA-23-2641	30	NA	NA
TCGA-23-2643	27	NA	NA
TCGA-23-2645	39	NA	NA
TCGA-23-2647	19	NA	NA
TCGA-23-2649	19	NA	NA
TCGA-24-0966	8	0.0966224586913138	9.66224586913138
TCGA-24-0968	26	0	0
TCGA-24-0970	13	0.184753138253393	18.4753138253393
TCGA-24-0975	32	0.511673090791234	51.1673090791234
TCGA-24-0979	43	0.279228879010029	27.9228879010029
TCGA-24-0980	18	0.0415524764156464	4.15524764156464
TCGA-24-0982	23	0	0
TCGA-24-1103	31	0.514966800613335	51.4966800613335
TCGA-24-1104	37	0.52053506934262	52.053506934262
TCGA-24-1105	16	0	0
TCGA-24-1413	18	0	0
TCGA-24-1416	17	0	0
TCGA-24-1417	41	0.406914483292386	40.6914483292386
TCGA-24-1418	19	0.294496853465622	29.4496853465622
TCGA-24-1419	11	0	0
TCGA-24-1422	42	0.579457062010227	57.9457062010227
TCGA-24-1423	35	0.596185013912918	59.6185013912918
TCGA-24-1424	25	0.345204010039967	34.5204010039967
TCGA-24-1425	26	0.361648878454631	36.1648878454631
TCGA-24-1426	9	0	0
TCGA-24-1427	27	0	0
TCGA-24-1428	39	0.404412541415726	40.4412541415726
TCGA-24-1430	28	NA	NA
TCGA-24-1431	16	0.109766230338119	10.9766230338119
TCGA-24-1434	15	0.0330505574527475	3.30505574527475
TCGA-24-1435	34	0.650888136837622	65.0888136837622
TCGA-24-1436	22	0.351551585341888	35.1551585341888
TCGA-24-1463	24	0.267347427989225	26.7347427989225
TCGA-24-1464	14	0.212120306382446	21.2120306382446
TCGA-24-1466	16	0.144387386056225	14.4387386056225
TCGA-24-1469	15	0.257328732648495	25.7328732648495
TCGA-24-1470	34	0.481163286079538	48.1163286079538
TCGA-24-1471	10	0	0
TCGA-24-1474	26	0	0
TCGA-24-1544	15	0	0
TCGA-24-1545	17	0	0
TCGA-24-1546	33	NA	NA
TCGA-24-1548	4	0	0
TCGA-24-1549	18	0.354375882011408	35.4375882011408
TCGA-24-1550	24	NA	NA
TCGA-24-1551	18	0.368149675205676	36.8149675205676
TCGA-24-1552	13	0	0
TCGA-24-1553	17	0.630612900850359	63.0612900850359
TCGA-24-1555	28	0.119449560623333	11.9449560623333
TCGA-24-1556	41	0.478595521717244	47.8595521717244
TCGA-24-1557	36	0.0153727223856074	1.53727223856074
TCGA-24-1558	20	0	0
TCGA-24-1560	3	0	0
TCGA-24-1562	9	0.0827365236247864	8.27365236247864
TCGA-24-1563	34	0.384065651441509	38.4065651441509
TCGA-24-1564	17	0.275579066993918	27.5579066993918
TCGA-24-1565	5	0	0
TCGA-24-1567	34	0.538671528470743	53.8671528470743
TCGA-24-1603	10	0	0
TCGA-24-1604	39	0.17424719167739	17.424719167739
TCGA-24-1614	38	0.294507033362903	29.4507033362903
TCGA-24-1616	18	0.137854780786658	13.7854780786658
TCGA-24-1842	16	NA	NA
TCGA-24-1843	11	NA	NA
TCGA-24-1844	37	NA	NA
TCGA-24-1845	45	NA	NA
TCGA-24-1846	31	NA	NA
TCGA-24-1847	46	NA	NA
TCGA-24-1849	29	NA	NA
TCGA-24-1850	21	NA	NA
TCGA-24-1852	19	NA	NA
TCGA-24-1920	7	NA	NA
TCGA-24-1923	7	NA	NA
TCGA-24-1924	45	NA	NA
TCGA-24-1927	28	NA	NA
TCGA-24-1928	18	NA	NA
TCGA-24-1930	24	NA	NA
TCGA-24-2019	18	0.17274285877107	17.274285877107
TCGA-24-2020	35	NA	NA
TCGA-24-2023	13	NA	NA
TCGA-24-2024	32	0.475441306395878	47.5441306395878
TCGA-24-2026	21	NA	NA
TCGA-24-2027	26	NA	NA
TCGA-24-2029	19	NA	NA
TCGA-24-2030	21	0.321817116494443	32.1817116494443
TCGA-24-2033	37	NA	NA
TCGA-24-2035	28	0.446689043214886	44.6689043214886
TCGA-24-2036	24	NA	NA
TCGA-24-2254	34	0.204637559717525	20.4637559717525
TCGA-24-2260	17	0	0
TCGA-24-2261	23	0	0
TCGA-24-2262	18	0.127427450301378	12.7427450301378
TCGA-24-2267	56	0.33457120563407	33.457120563407
TCGA-24-2271	11	0	0
TCGA-24-2280	40	0.353472537522665	35.3472537522665
TCGA-24-2281	25	0.360235632750497	36.0235632750497
TCGA-24-2288	32	0.648819290482301	64.8819290482301
TCGA-24-2289	39	0.531423875814203	53.1423875814203
TCGA-24-2290	42	0.0953983536764204	9.53983536764204
TCGA-24-2293	26	0.470288456721993	47.0288456721993
TCGA-24-2295	23	NA	NA
TCGA-24-2298	38	0.0980160183985594	9.80160183985594
TCGA-25-1312	13	NA	NA
TCGA-25-1313	44	0.33882441181342	33.882441181342
TCGA-25-1314	32	NA	NA
TCGA-25-1315	23	0.37902526578877	37.902526578877
TCGA-25-1316	0	0	0
TCGA-25-1317	7	0	0
TCGA-25-1318	35	0.629798664107579	62.9798664107579
TCGA-25-1319	8	0	0
TCGA-25-1320	25	0.166829445099662	16.6829445099662
TCGA-25-1321	19	0	0
TCGA-25-1322	9	0	0
TCGA-25-1323	27	NA	NA
TCGA-25-1329	13	0	0
TCGA-25-1623	27	0.204796731736127	20.4796731736127
TCGA-25-1625	18	0.0115110129309398	1.15110129309398
TCGA-25-1626	20	0.6624788687992	66.24788687992
TCGA-25-1627	6	0.0765067650577243	7.65067650577243
TCGA-25-1628	10	0	0
TCGA-25-1630	34	0.499668522969384	49.9668522969384
TCGA-25-1631	12	0	0
TCGA-25-1632	26	0.334185286654173	33.4185286654173
TCGA-25-1633	14	0	0
TCGA-25-1634	15	0.303829851328698	30.3829851328698
TCGA-25-1635	12	0	0
TCGA-25-1870	22	NA	NA
TCGA-25-1871	20	NA	NA
TCGA-25-1877	11	NA	NA
TCGA-25-1878	34	NA	NA
TCGA-25-2042	29	0.39329585760147	39.329585760147
TCGA-25-2391	17	0.518841612012632	51.8841612012632
TCGA-25-2392	32	0.514633083380457	51.4633083380457
TCGA-25-2393	20	0.432424144638467	43.2424144638467
TCGA-25-2396	11	0.114430807864854	11.4430807864854
TCGA-25-2397	35	NA	NA
TCGA-25-2398	25	0.255935487386579	25.5935487386579
TCGA-25-2399	22	0.0357214633264164	3.57214633264164
TCGA-25-2400	20	0.292294384292282	29.2294384292282
TCGA-25-2401	34	0.475859142707707	47.5859142707707
TCGA-25-2404	19	0	0
TCGA-25-2408	4	0.0176972700773664	1.76972700773664
TCGA-25-2409	20	0	0
TCGA-29-1688	40	NA	NA
TCGA-29-1690	3	NA	NA
TCGA-29-1691	43	NA	NA
TCGA-29-1692	33	NA	NA
TCGA-29-1693	24	NA	NA
TCGA-29-1694	28	NA	NA
TCGA-29-1695	13	NA	NA
TCGA-29-1696	25	NA	NA
TCGA-29-1697	13	NA	NA
TCGA-29-1698	15	NA	NA
TCGA-29-1699	19	NA	NA
TCGA-29-1701	16	NA	NA
TCGA-29-1702	15	NA	NA
TCGA-29-1703	13	NA	NA
TCGA-29-1704	28	NA	NA
TCGA-29-1705	29	NA	NA
TCGA-29-1707	23	NA	NA
TCGA-29-1710	14	NA	NA
TCGA-29-1711	32	NA	NA
TCGA-29-1761	19	NA	NA
TCGA-29-1762	19	NA	NA
TCGA-29-1763	35	NA	NA
TCGA-29-1764	36	NA	NA
TCGA-29-1766	19	NA	NA
TCGA-29-1768	28	NA	NA
TCGA-29-1769	35	NA	NA
TCGA-29-1770	31	NA	NA
TCGA-29-1771	3	NA	NA
TCGA-29-1774	17	NA	NA
TCGA-29-1775	29	NA	NA
TCGA-29-1776	21	NA	NA
TCGA-29-1777	29	NA	NA
TCGA-29-1778	21	NA	NA
TCGA-29-1781	29	NA	NA
TCGA-29-1783	8	NA	NA
TCGA-29-1784	54	NA	NA
TCGA-29-1785	25	NA	NA
TCGA-29-2425	42	NA	NA
TCGA-29-2427	12	0.117099520271914	11.7099520271914
TCGA-29-2428	9	NA	NA
TCGA-29-2429	25	NA	NA
TCGA-29-2431	25	NA	NA
TCGA-29-2432	35	NA	NA
TCGA-29-2434	33	NA	NA
TCGA-29-2436	30	NA	NA
TCGA-29-A5NZ	18	NA	NA
TCGA-30-1714	16	NA	NA
TCGA-30-1718	33	NA	NA
TCGA-30-1853	9	0	0
TCGA-30-1855	30	NA	NA
TCGA-30-1857	34	NA	NA
TCGA-30-1859	17	NA	NA
TCGA-30-1860	49	NA	NA
TCGA-30-1861	41	NA	NA
TCGA-30-1862	24	0.265275484679435	26.5275484679435
TCGA-30-1866	18	NA	NA
TCGA-30-1867	27	NA	NA
TCGA-30-1880	3	NA	NA
TCGA-30-1887	18	NA	NA
TCGA-30-1891	30	0.0911880582230886	9.11880582230886
TCGA-30-1892	30	NA	NA
TCGA-31-1944	33	NA	NA
TCGA-31-1946	30	NA	NA
TCGA-31-1950	20	0	0
TCGA-31-1951	18	NA	NA
TCGA-31-1953	20	0.194361036863245	19.4361036863245
TCGA-31-1955	21	NA	NA
TCGA-31-1956	18	NA	NA
TCGA-31-1959	22	0.204038617894787	20.4038617894787
TCGA-36-1568	38	0.261026907774012	26.1026907774012
TCGA-36-1569	32	0	0
TCGA-36-1570	28	0.23347158504188	23.347158504188
TCGA-36-1571	11	0	0
TCGA-36-1574	24	0.00308247573964436	0.308247573964436
TCGA-36-1575	11	0.286049803653479	28.6049803653479
TCGA-36-1576	25	0	0
TCGA-36-1577	38	0.363878990784437	36.3878990784437
TCGA-36-1578	48	0.3837366390425	38.37366390425
TCGA-36-1580	16	0	0
TCGA-36-1581	23	NA	NA
TCGA-36-2529	30	NA	NA
TCGA-36-2530	48	NA	NA
TCGA-36-2532	28	NA	NA
TCGA-36-2533	37	NA	NA
TCGA-36-2534	32	NA	NA
TCGA-36-2537	33	NA	NA
TCGA-36-2539	34	NA	NA
TCGA-36-2540	15	NA	NA
TCGA-36-2542	32	NA	NA
TCGA-36-2543	41	NA	NA
TCGA-36-2544	43	NA	NA
TCGA-36-2545	24	NA	NA
TCGA-36-2547	34	NA	NA
TCGA-36-2548	31	NA	NA
TCGA-36-2549	48	NA	NA
TCGA-36-2551	20	NA	NA
TCGA-36-2552	28	NA	NA
TCGA-3P-A9WA	28	NA	NA
TCGA-42-2582	25	NA	NA
TCGA-42-2588	13	NA	NA
TCGA-42-2589	34	NA	NA
TCGA-42-2590	35	NA	NA
TCGA-42-2591	32	NA	NA
TCGA-42-2593	39	NA	NA
TCGA-57-1582	33	0.444567702027669	44.4567702027669
TCGA-57-1583	17	0	0
TCGA-57-1584	22	0.62139411940907	62.139411940907
TCGA-57-1585	47	NA	NA
TCGA-57-1586	10	NA	NA
TCGA-57-1992	14	NA	NA
TCGA-57-1993	12	0	0
TCGA-57-1994	28	NA	NA
TCGA-59-2348	44	0.17482356521405	17.482356521405
TCGA-59-2350	10	0.0805831367354369	8.05831367354369
TCGA-59-2351	34	0.555221573704592	55.5221573704592
TCGA-59-2352	26	0.56805108926152	56.805108926152
TCGA-59-2354	33	0.385427949077998	38.5427949077998
TCGA-59-2355	22	0.162661321884296	16.2661321884296
TCGA-59-2363	27	0.283657183941541	28.3657183941541
TCGA-59-2372	29	NA	NA
TCGA-59-A5PD	39	NA	NA
TCGA-5X-AA5U	15	NA	NA
TCGA-61-1722	27	NA	NA
TCGA-61-1724	32	NA	NA
TCGA-61-1725	26	NA	NA
TCGA-61-1727	33	NA	NA
TCGA-61-1728	17	0.293326182898245	29.3326182898245
TCGA-61-1730	10	NA	NA
TCGA-61-1733	7	NA	NA
TCGA-61-1734	28	NA	NA
TCGA-61-1736	10	0.346794760539425	34.6794760539425
TCGA-61-1737	37	NA	NA
TCGA-61-1738	14	NA	NA
TCGA-61-1740	40	NA	NA
TCGA-61-1741	21	NA	NA
TCGA-61-1743	23	NA	NA
TCGA-61-1895	33	NA	NA
TCGA-61-1899	14	NA	NA
TCGA-61-1900	39	NA	NA
TCGA-61-1901	23	NA	NA
TCGA-61-1903	28	NA	NA
TCGA-61-1904	19	NA	NA
TCGA-61-1906	17	NA	NA
TCGA-61-1907	43	NA	NA
TCGA-61-1910	32	NA	NA
TCGA-61-1911	24	NA	NA
TCGA-61-1913	27	NA	NA
TCGA-61-1914	41	NA	NA
TCGA-61-1915	37	NA	NA
TCGA-61-1917	43	NA	NA
TCGA-61-1918	17	NA	NA
TCGA-61-1919	28	0.245156626572062	24.5156626572062
TCGA-61-1995	3	0.0185205712927289	1.85205712927289
TCGA-61-1998	22	0.404219387636479	40.4219387636479
TCGA-61-2000	15	0.609940593523414	60.9940593523414
TCGA-61-2002	35	0.290207361286532	29.0207361286532
TCGA-61-2003	32	0.262636471887371	26.2636471887371
TCGA-61-2008	44	0.0169453277490949	1.69453277490949
TCGA-61-2009	21	0.401782410323241	40.1782410323241
TCGA-61-2012	27	0.0992896354334943	9.92896354334943
TCGA-61-2016	20	0.131560446861972	13.1560446861972
TCGA-61-2017	1	NA	NA
TCGA-61-2018	41	NA	NA
TCGA-61-2087	30	NA	NA
TCGA-61-2088	8	0	0
TCGA-61-2092	2	0.093538908298947	9.3538908298947
TCGA-61-2094	14	0.358382886777006	35.8382886777006
TCGA-61-2095	8	0.407867617281634	40.7867617281634
TCGA-61-2096	28	NA	NA
TCGA-61-2097	27	0.496387562762314	49.6387562762314
TCGA-61-2101	23	0	0
TCGA-61-2102	26	0.234987497614817	23.4987497614817
TCGA-61-2104	35	0.321156559916224	32.1156559916224
TCGA-61-2109	31	0.760496886639958	76.0496886639958
TCGA-61-2110	6	0.0944459765678423	9.44459765678423
TCGA-61-2111	29	0	0
TCGA-61-2113	30	0.388462249681203	38.8462249681203
TCGA-61-2612	18	NA	NA
TCGA-61-2613	18	NA	NA
TCGA-61-2614	20	NA	NA
TCGA-OY-A56P	8	NA	NA
TCGA-OY-A56Q	9	NA	NA
TCGA-VG-A8LO	28	NA	NA
TCGA-WR-A838	22	NA	NA
TCGA-2A-A8VL	4	0	0
TCGA-2A-A8VO	7	0	0
TCGA-2A-A8VT	15	0	0
TCGA-2A-A8VV	1	0	0
TCGA-2A-A8VX	4	NA	NA
TCGA-2A-A8W1	8	0	0
TCGA-2A-A8W3	7	0	0
TCGA-2A-AAYF	4	NA	NA
TCGA-2A-AAYO	3	NA	NA
TCGA-2A-AAYU	4	NA	NA
TCGA-4L-AA1F	27	NA	NA
TCGA-CH-5737	8	0.0131780774919934	1.31780774919934
TCGA-CH-5738	0	0	0
TCGA-CH-5739	1	0	0
TCGA-CH-5740	7	0.0569271291843696	5.69271291843696
TCGA-CH-5741	7	0	0
TCGA-CH-5743	0	0	0
TCGA-CH-5744	5	0.165804641308633	16.5804641308633
TCGA-CH-5745	0	NA	NA
TCGA-CH-5746	1	0	0
TCGA-CH-5750	1	0	0
TCGA-CH-5751	15	0	0
TCGA-CH-5752	2	0	0
TCGA-CH-5753	12	0	0
TCGA-CH-5754	22	0.45770623731984	45.770623731984
TCGA-CH-5761	14	0.127393925177848	12.7393925177848
TCGA-CH-5762	11	0.320895471206473	32.0895471206473
TCGA-CH-5764	10	0	0
TCGA-CH-5765	7	0	0
TCGA-CH-5766	10	0	0
TCGA-CH-5767	6	0	0
TCGA-CH-5768	7	0	0
TCGA-CH-5769	5	0	0
TCGA-CH-5771	21	0	0
TCGA-CH-5772	7	0	0
TCGA-CH-5788	12	0	0
TCGA-CH-5790	26	0	0
TCGA-CH-5791	8	0	0
TCGA-CH-5792	13	0	0
TCGA-CH-5794	6	0	0
TCGA-EJ-5494	0	0	0
TCGA-EJ-5495	16	0.364066104593212	36.4066104593212
TCGA-EJ-5496	7	0	0
TCGA-EJ-5497	7	0	0
TCGA-EJ-5498	2	0	0
TCGA-EJ-5499	8	0	0
TCGA-EJ-5501	8	0	0
TCGA-EJ-5504	21	0	0
TCGA-EJ-5505	7	0.115799086675174	11.5799086675174
TCGA-EJ-5506	0	0	0
TCGA-EJ-5507	5	0	0
TCGA-EJ-5508	4	0	0
TCGA-EJ-5509	14	0.094928847099541	9.4928847099541
TCGA-EJ-5510	9	0	0
TCGA-EJ-5511	7	0.113602537530458	11.3602537530458
TCGA-EJ-5512	7	0	0
TCGA-EJ-5514	29	0	0
TCGA-EJ-5515	4	0.285873885229753	28.5873885229753
TCGA-EJ-5516	3	0	0
TCGA-EJ-5517	8	0	0
TCGA-EJ-5518	15	0	0
TCGA-EJ-5519	12	0.312875618377259	31.2875618377259
TCGA-EJ-5521	19	0	0
TCGA-EJ-5522	7	0	0
TCGA-EJ-5524	8	0	0
TCGA-EJ-5525	15	0.235080254115332	23.5080254115332
TCGA-EJ-5526	9	0.0810329766298501	8.10329766298501
TCGA-EJ-5527	17	0	0
TCGA-EJ-5530	3	0.0019095383970342	0.19095383970342
TCGA-EJ-5531	17	0.00581016703761091	0.581016703761091
TCGA-EJ-5532	2	0.121828152438065	12.1828152438065
TCGA-EJ-5542	3	0	0
TCGA-EJ-7115	5	0.0382255233715962	3.82255233715962
TCGA-EJ-7123	16	0.166620121198678	16.6620121198678
TCGA-EJ-7125	2	0	0
TCGA-EJ-7218	12	0	0
TCGA-EJ-7312	14	NA	NA
TCGA-EJ-7314	3	0	0
TCGA-EJ-7315	8	0	0
TCGA-EJ-7317	6	0.206268059789017	20.6268059789017
TCGA-EJ-7318	7	0	0
TCGA-EJ-7321	8	0.0363664960604511	3.63664960604511
TCGA-EJ-7325	3	NA	NA
TCGA-EJ-7327	8	0	0
TCGA-EJ-7328	5	0	0
TCGA-EJ-7330	20	0	0
TCGA-EJ-7331	8	0	0
TCGA-EJ-7781	5	0	0
TCGA-EJ-7782	13	0	0
TCGA-EJ-7783	6	0	0
TCGA-EJ-7784	12	0	0
TCGA-EJ-7785	5	0	0
TCGA-EJ-7786	6	0.277401181845453	27.7401181845453
TCGA-EJ-7788	4	0.00507926315260954	0.507926315260954
TCGA-EJ-7789	19	0.15522079575627	15.522079575627
TCGA-EJ-7791	9	0	0
TCGA-EJ-7792	2	0	0
TCGA-EJ-7793	2	0.0614958910107556	6.14958910107556
TCGA-EJ-7794	19	0.12923123833768	12.923123833768
TCGA-EJ-7797	4	0	0
TCGA-EJ-8468	7	0.0973574681232034	9.73574681232034
TCGA-EJ-8469	8	0.0215798306094015	2.15798306094015
TCGA-EJ-8470	13	0	0
TCGA-EJ-8472	12	0	0
TCGA-EJ-A46B	2	NA	NA
TCGA-EJ-A46D	4	0	0
TCGA-EJ-A46E	0	NA	NA
TCGA-EJ-A46F	16	NA	NA
TCGA-EJ-A46G	9	0	0
TCGA-EJ-A46H	0	NA	NA
TCGA-EJ-A46I	2	0	0
TCGA-EJ-A65B	12	NA	NA
TCGA-EJ-A65D	8	NA	NA
TCGA-EJ-A65E	2	0.00422274499348856	0.422274499348856
TCGA-EJ-A65F	17	0.461700906582451	46.1700906582451
TCGA-EJ-A65G	9	0.0880634237315944	8.80634237315944
TCGA-EJ-A65J	18	0.0648900729367339	6.48900729367339
TCGA-EJ-A65M	11	NA	NA
TCGA-EJ-A6RA	4	0	0
TCGA-EJ-A6RC	0	0	0
TCGA-EJ-A7NF	1	0	0
TCGA-EJ-A7NG	6	0	0
TCGA-EJ-A7NH	16	0	0
TCGA-EJ-A7NJ	0	0	0
TCGA-EJ-A7NK	0	0	0
TCGA-EJ-A7NM	5	0	0
TCGA-EJ-A8FN	4	0	0
TCGA-EJ-A8FO	0	NA	NA
TCGA-EJ-A8FP	0	NA	NA
TCGA-EJ-A8FS	12	0.0217652053249089	2.17652053249089
TCGA-EJ-AB27	2	NA	NA
TCGA-FC-7708	2	0.359131954410248	35.9131954410248
TCGA-FC-7961	26	0.288580209502074	28.8580209502074
TCGA-FC-A4JI	22	0	0
TCGA-FC-A5OB	8	0	0
TCGA-FC-A66V	0	NA	NA
TCGA-FC-A6HD	1	NA	NA
TCGA-FC-A8O0	2	0	0
TCGA-G9-6329	8	0	0
TCGA-G9-6332	5	NA	NA
TCGA-G9-6333	4	0	0
TCGA-G9-6336	0	0.113749820027327	11.3749820027327
TCGA-G9-6338	11	NA	NA
TCGA-G9-6339	0	NA	NA
TCGA-G9-6342	12	0	0
TCGA-G9-6347	0	NA	NA
TCGA-G9-6348	4	0	0
TCGA-G9-6351	10	0	0
TCGA-G9-6353	3	0	0
TCGA-G9-6354	4	NA	NA
TCGA-G9-6356	9	0	0
TCGA-G9-6361	6	0.0695580213850581	6.95580213850581
TCGA-G9-6362	12	NA	NA
TCGA-G9-6363	11	0.02928547851497	2.928547851497
TCGA-G9-6364	2	0	0
TCGA-G9-6365	5	0	0
TCGA-G9-6366	6	0	0
TCGA-G9-6367	4	0.073860767348821	7.3860767348821
TCGA-G9-6369	11	NA	NA
TCGA-G9-6370	0	0	0
TCGA-G9-6371	0	0	0
TCGA-G9-6373	5	NA	NA
TCGA-G9-6377	5	0	0
TCGA-G9-6378	6	0	0
TCGA-G9-6379	17	NA	NA
TCGA-G9-6384	9	0	0
TCGA-G9-6385	0	0	0
TCGA-G9-6494	11	0.00991359483777353	0.991359483777353
TCGA-G9-6496	8	NA	NA
TCGA-G9-6498	2	NA	NA
TCGA-G9-6499	31	0.209150430771162	20.9150430771162
TCGA-G9-7509	2	NA	NA
TCGA-G9-7510	19	0.0378307178569965	3.78307178569965
TCGA-G9-7519	1	0	0
TCGA-G9-7521	13	0	0
TCGA-G9-7522	2	0	0
TCGA-G9-7525	2	NA	NA
TCGA-G9-A9S0	9	NA	NA
TCGA-G9-A9S4	20	NA	NA
TCGA-G9-A9S7	4	NA	NA
TCGA-H9-7775	4	0	0
TCGA-H9-A6BX	0	NA	NA
TCGA-H9-A6BY	2	NA	NA
TCGA-HC-7075	2	0	0
TCGA-HC-7077	29	0	0
TCGA-HC-7078	15	0	0
TCGA-HC-7079	0	0	0
TCGA-HC-7080	7	0.0375674052573536	3.75674052573536
TCGA-HC-7081	5	0	0
TCGA-HC-7209	7	0	0
TCGA-HC-7210	10	0.147177901789898	14.7177901789898
TCGA-HC-7211	3	0	0
TCGA-HC-7212	9	0	0
TCGA-HC-7213	12	0	0
TCGA-HC-7230	4	0	0
TCGA-HC-7231	10	0.00567643091260501	0.567643091260501
TCGA-HC-7232	8	0.110204885689268	11.0204885689268
TCGA-HC-7233	0	0.139542811155507	13.9542811155507
TCGA-HC-7736	15	0	0
TCGA-HC-7737	12	0	0
TCGA-HC-7738	6	NA	NA
TCGA-HC-7740	0	0.0342255606851096	3.42255606851096
TCGA-HC-7742	7	0	0
TCGA-HC-7744	27	0	0
TCGA-HC-7745	16	NA	NA
TCGA-HC-7747	14	0	0
TCGA-HC-7748	28	0	0
TCGA-HC-7749	9	0.0177146237304186	1.77146237304186
TCGA-HC-7752	4	NA	NA
TCGA-HC-7817	6	NA	NA
TCGA-HC-7818	3	0	0
TCGA-HC-7819	3	NA	NA
TCGA-HC-7820	4	0	0
TCGA-HC-7821	18	0	0
TCGA-HC-8213	2	0	0
TCGA-HC-8216	31	0.165505941904805	16.5505941904805
TCGA-HC-8256	4	0	0
TCGA-HC-8257	6	0	0
TCGA-HC-8258	2	0.0523121873821312	5.23121873821312
TCGA-HC-8259	0	NA	NA
TCGA-HC-8260	3	0	0
TCGA-HC-8261	4	0	0
TCGA-HC-8262	4	0.0313342755621095	3.13342755621095
TCGA-HC-8264	12	0.00659828167670441	0.659828167670441
TCGA-HC-8266	9	0	0
TCGA-HC-A48F	12	0	0
TCGA-HC-A4ZV	31	0.417783213611528	41.7783213611528
TCGA-HC-A631	7	0	0
TCGA-HC-A632	20	0	0
TCGA-HC-A6AL	11	NA	NA
TCGA-HC-A6AN	6	NA	NA
TCGA-HC-A6AO	13	NA	NA
TCGA-HC-A6AP	12	NA	NA
TCGA-HC-A6AQ	7	NA	NA
TCGA-HC-A6AS	5	NA	NA
TCGA-HC-A6HX	2	NA	NA
TCGA-HC-A6HY	5	NA	NA
TCGA-HC-A76W	5	0	0
TCGA-HC-A76X	2	0	0
TCGA-HC-A8CY	3	0	0
TCGA-HC-A8D0	5	0	0
TCGA-HC-A8D1	3	0	0
TCGA-HC-A9TE	21	NA	NA
TCGA-HC-A9TH	6	NA	NA
TCGA-HI-7168	12	0	0
TCGA-HI-7169	0	NA	NA
TCGA-HI-7170	6	0.144906996994715	14.4906996994715
TCGA-HI-7171	11	0	0
TCGA-J4-8198	2	0	0
TCGA-J4-8200	4	0	0
TCGA-J4-A67K	7	NA	NA
TCGA-J4-A67L	6	NA	NA
TCGA-J4-A67M	16	NA	NA
TCGA-J4-A67N	11	NA	NA
TCGA-J4-A67O	0	NA	NA
TCGA-J4-A67R	4	NA	NA
TCGA-J4-A67S	13	NA	NA
TCGA-J4-A67T	0	0	0
TCGA-J4-A6G1	0	0	0
TCGA-J4-A6G3	7	0	0
TCGA-J4-A6M7	0	0	0
TCGA-J4-A83I	10	0.0784787319879133	7.84787319879133
TCGA-J4-A83J	15	NA	NA
TCGA-J4-A83K	4	0	0
TCGA-J4-A83L	3	NA	NA
TCGA-J4-A83M	0	0	0
TCGA-J4-A83N	8	0	0
TCGA-J4-AATV	0	NA	NA
TCGA-J4-AATZ	7	NA	NA
TCGA-J4-AAU2	0	NA	NA
TCGA-J9-A52B	15	0.197227474727977	19.7227474727977
TCGA-J9-A52C	5	NA	NA
TCGA-J9-A52E	13	NA	NA
TCGA-J9-A8CK	12	0	0
TCGA-J9-A8CL	15	0.220956287322954	22.0956287322954
TCGA-J9-A8CM	16	0.179122558492623	17.9122558492623
TCGA-J9-A8CN	9	0	0
TCGA-J9-A8CP	15	0	0
TCGA-KC-A4BL	2	0	0
TCGA-KC-A4BN	0	0	0
TCGA-KC-A4BO	0	NA	NA
TCGA-KC-A4BR	0	0	0
TCGA-KC-A4BV	14	0.126518089918973	12.6518089918973
TCGA-KC-A7F3	10	0	0
TCGA-KC-A7F5	39	NA	NA
TCGA-KC-A7F6	12	0	0
TCGA-KC-A7FA	9	0.0842934989874209	8.42934989874209
TCGA-KC-A7FD	3	0	0
TCGA-KK-A59V	10	NA	NA
TCGA-KK-A59X	14	0.0649929440566933	6.49929440566933
TCGA-KK-A59Y	8	0	0
TCGA-KK-A59Z	26	0.266180508993827	26.6180508993827
TCGA-KK-A6DY	8	0	0
TCGA-KK-A6E0	19	0	0
TCGA-KK-A6E1	21	0	0
TCGA-KK-A6E2	3	0	0
TCGA-KK-A6E3	0	NA	NA
TCGA-KK-A6E4	7	NA	NA
TCGA-KK-A6E5	20	0.0645128498029192	6.45128498029192
TCGA-KK-A6E6	32	0	0
TCGA-KK-A6E7	8	NA	NA
TCGA-KK-A6E8	13	NA	NA
TCGA-KK-A7AP	15	0	0
TCGA-KK-A7AQ	11	NA	NA
TCGA-KK-A7AU	12	0	0
TCGA-KK-A7AV	13	0	0
TCGA-KK-A7AW	8	NA	NA
TCGA-KK-A7AY	9	NA	NA
TCGA-KK-A7AZ	11	NA	NA
TCGA-KK-A7B0	13	NA	NA
TCGA-KK-A7B1	7	0	0
TCGA-KK-A7B2	0	NA	NA
TCGA-KK-A7B3	14	0	0
TCGA-KK-A7B4	14	0	0
TCGA-KK-A8I4	17	0	0
TCGA-KK-A8I5	12	0	0
TCGA-KK-A8I6	9	0	0
TCGA-KK-A8I7	9	NA	NA
TCGA-KK-A8I8	4	0	0
TCGA-KK-A8I9	16	0.178077945705893	17.8077945705893
TCGA-KK-A8IA	7	0	0
TCGA-KK-A8IB	16	0.112665807882983	11.2665807882983
TCGA-KK-A8IC	11	0	0
TCGA-KK-A8ID	5	0	0
TCGA-KK-A8IF	15	0	0
TCGA-KK-A8IG	6	0	0
TCGA-KK-A8IH	5	0.131371723509941	13.1371723509941
TCGA-KK-A8II	7	0	0
TCGA-KK-A8IJ	7	0	0
TCGA-KK-A8IK	18	0	0
TCGA-KK-A8IL	3	0	0
TCGA-KK-A8IM	9	NA	NA
TCGA-M7-A71Y	2	0	0
TCGA-M7-A71Z	3	NA	NA
TCGA-M7-A720	0	0	0
TCGA-M7-A721	17	0.259927839613356	25.9927839613356
TCGA-M7-A722	8	NA	NA
TCGA-M7-A723	0	NA	NA
TCGA-M7-A724	9	NA	NA
TCGA-M7-A725	6	0	0
TCGA-MG-AAMC	5	NA	NA
TCGA-QU-A6IL	7	NA	NA
TCGA-QU-A6IM	8	NA	NA
TCGA-QU-A6IN	6	NA	NA
TCGA-QU-A6IO	7	NA	NA
TCGA-QU-A6IP	6	0	0
TCGA-SU-A7E7	4	0.0940488540521189	9.40488540521189
TCGA-TK-A8OK	9	0	0
TCGA-TP-A8TT	7	NA	NA
TCGA-TP-A8TV	17	NA	NA
TCGA-V1-A8MF	9	0	0
TCGA-V1-A8MG	21	0	0
TCGA-V1-A8MJ	11	0	0
TCGA-V1-A8MK	0	NA	NA
TCGA-V1-A8ML	3	0	0
TCGA-V1-A8MM	10	NA	NA
TCGA-V1-A8MU	8	0	0
TCGA-V1-A8WL	3	0	0
TCGA-V1-A8WN	4	0	0
TCGA-V1-A8WS	10	0	0
TCGA-V1-A8WV	18	0.217314916843311	21.7314916843311
TCGA-V1-A8WW	14	0	0
TCGA-V1-A8X3	9	0	0
TCGA-V1-A9O5	18	NA	NA
TCGA-V1-A9O9	12	NA	NA
TCGA-V1-A9OA	15	NA	NA
TCGA-V1-A9OF	2	NA	NA
TCGA-V1-A9OH	10	NA	NA
TCGA-V1-A9OL	15	NA	NA
TCGA-V1-A9OQ	5	NA	NA
TCGA-V1-A9OT	8	NA	NA
TCGA-V1-A9OX	11	NA	NA
TCGA-V1-A9OY	6	NA	NA
TCGA-V1-A9Z7	13	NA	NA
TCGA-V1-A9Z8	7	NA	NA
TCGA-V1-A9Z9	12	NA	NA
TCGA-V1-A9ZG	1	NA	NA
TCGA-V1-A9ZI	3	NA	NA
TCGA-V1-A9ZK	18	NA	NA
TCGA-V1-A9ZR	13	NA	NA
TCGA-VN-A88K	12	0	0
TCGA-VN-A88L	17	0	0
TCGA-VN-A88M	2	NA	NA
TCGA-VN-A88N	3	0	0
TCGA-VN-A88O	8	0.0477510611324851	4.77510611324851
TCGA-VN-A88P	11	0.0833520254486763	8.33520254486763
TCGA-VN-A88Q	4	0	0
TCGA-VN-A88R	17	0.249860178142542	24.9860178142542
TCGA-VN-A943	5	NA	NA
TCGA-VP-A872	10	0	0
TCGA-VP-A875	17	0	0
TCGA-VP-A876	22	0	0
TCGA-VP-A878	20	0.132773716899797	13.2773716899797
TCGA-VP-A879	2	0.0260431322507671	2.60431322507671
TCGA-VP-A87B	10	0	0
TCGA-VP-A87C	7	0	0
TCGA-VP-A87D	12	0	0
TCGA-VP-A87E	0	0.374711222793208	37.4711222793208
TCGA-VP-A87H	10	0	0
TCGA-VP-A87J	3	0	0
TCGA-VP-A87K	21	0.0486629494561259	4.86629494561259
TCGA-VP-AA1N	17	NA	NA
TCGA-WW-A8ZI	4	0	0
TCGA-X4-A8KQ	7	NA	NA
TCGA-XA-A8JR	6	0.292597278738021	29.2597278738021
TCGA-XJ-A83F	9	NA	NA
TCGA-XJ-A83G	19	0.0360236356261196	3.60236356261196
TCGA-XJ-A83H	8	0	0
TCGA-XJ-A9DK	4	0	0
TCGA-XJ-A9DQ	2	NA	NA
TCGA-XJ-A9DX	10	NA	NA
TCGA-XK-AAIR	4	NA	NA
TCGA-XK-AAIV	7	NA	NA
TCGA-XK-AAIW	2	NA	NA
TCGA-XK-AAJ3	7	NA	NA
TCGA-XK-AAJA	7	NA	NA
TCGA-XK-AAJP	12	NA	NA
TCGA-XK-AAJR	10	NA	NA
TCGA-XK-AAJT	17	NA	NA
TCGA-XK-AAK1	10	NA	NA
TCGA-XQ-A8TA	33	0.520746846304359	52.0746846304359
TCGA-XQ-A8TB	18	0	0
TCGA-Y6-A8TL	7	0.120259313218687	12.0259313218687
TCGA-Y6-A9XI	11	NA	NA
TCGA-YJ-A8SW	13	0	0
TCGA-YL-A8HJ	3	0	0
TCGA-YL-A8HK	12	0	0
TCGA-YL-A8HL	7	0	0
TCGA-YL-A8HM	18	0	0
TCGA-YL-A8S8	19	0	0
TCGA-YL-A8S9	4	0	0
TCGA-YL-A8SA	10	0	0
TCGA-YL-A8SB	4	0.125573593380799	12.5573593380799
TCGA-YL-A8SC	3	0	0
TCGA-YL-A8SF	10	0	0
TCGA-YL-A8SH	7	0.153111552189608	15.3111552189608
TCGA-YL-A8SI	4	NA	NA
TCGA-YL-A8SJ	6	0	0
TCGA-YL-A8SK	14	0	0
TCGA-YL-A8SL	16	0.126012630595073	12.6012630595073
TCGA-YL-A8SO	14	0.139332294632561	13.9332294632561
TCGA-YL-A8SP	9	0	0
TCGA-YL-A8SQ	14	0	0
TCGA-YL-A8SR	9	0.0183082111513805	1.83082111513805
TCGA-YL-A9WH	15	0	0
TCGA-YL-A9WI	14	0.291225395153233	29.1225395153233
TCGA-YL-A9WJ	8	0.310592495369041	31.0592495369041
TCGA-YL-A9WK	5	NA	NA
TCGA-YL-A9WL	15	NA	NA
TCGA-YL-A9WX	9	NA	NA
TCGA-YL-A9WY	15	NA	NA
TCGA-ZG-A8QW	19	0.0145136213572002	1.45136213572002
TCGA-ZG-A8QX	11	0	0
TCGA-ZG-A8QY	17	0	0
TCGA-ZG-A8QZ	8	0	0
TCGA-ZG-A9KY	6	NA	NA
TCGA-ZG-A9L0	13	NA	NA
TCGA-ZG-A9L1	10	NA	NA
TCGA-ZG-A9L2	7	NA	NA
TCGA-ZG-A9L4	8	NA	NA
TCGA-ZG-A9L5	15	NA	NA
TCGA-ZG-A9L6	7	NA	NA
TCGA-ZG-A9L9	22	NA	NA
TCGA-ZG-A9LB	8	NA	NA
TCGA-ZG-A9LM	7	NA	NA
TCGA-ZG-A9LN	4	NA	NA
TCGA-ZG-A9LS	27	NA	NA
TCGA-ZG-A9LU	26	NA	NA
TCGA-ZG-A9LY	12	NA	NA
TCGA-ZG-A9LZ	12	NA	NA
TCGA-ZG-A9M4	18	NA	NA
TCGA-ZG-A9MC	9	NA	NA
TCGA-ZG-A9N3	17	NA	NA
TCGA-ZG-A9ND	11	NA	NA
TCGA-ZG-A9NI	28	NA	NA
TCGA-D8-A1X7	NA	0.063354724	6.3354724
TCGA-AR-A0TU	NA	0.382064404	38.2064404
TCGA-D8-A27E	NA	0.306762097	30.6762097
TCGA-E2-A1IK	NA	0	0
TCGA-MS-A51U	NA	0	0
TCGA-AC-A2FB	NA	0.01336735	1.336735
TCGA-EW-A1P7	NA	0.30851278	30.851278
TCGA-BH-A1FR	NA	0	0
TCGA-A2-A0CL	NA	0	0
TCGA-BH-A0DV	NA	0	0
TCGA-BH-A1F0	NA	0	0
TCGA-OL-A66I	NA	0.083205046	8.3205046
TCGA-AC-A3YJ	NA	0	0
TCGA-A7-A26I	NA	0.081017996	8.1017996
TCGA-E2-A154	NA	0	0
TCGA-E2-A1LS	NA	0.160495628	16.0495628
TCGA-E2-A1B5	NA	0	0
TCGA-A8-A07F	NA	0	0
TCGA-BH-A18P	NA	0	0
TCGA-E2-A1B6	NA	0	0
TCGA-D8-A1JH	NA	0	0
TCGA-E2-A108	NA	0.244485821	24.4485821
TCGA-B6-A0RT	NA	0	0
TCGA-A2-A0ST	NA	0.313634976	31.3634976
TCGA-B6-A0X4	NA	0	0
TCGA-BH-A1FH	NA	0	0
TCGA-A2-A0CZ	NA	0	0
TCGA-E9-A5FK	NA	0.111954173	11.1954173
TCGA-E9-A1QZ	NA	0	0
TCGA-AR-A24O	NA	0	0
TCGA-AR-A1AW	NA	0	0
TCGA-B6-A0IH	NA	0	0
TCGA-A2-A0ES	NA	0	0
TCGA-E2-A1B1	NA	0.220557972	22.0557972
TCGA-LL-A441	NA	0.393744571	39.3744571
TCGA-AR-A252	NA	0	0
TCGA-A7-A4SC	NA	0	0
TCGA-A8-A08H	NA	0	0
TCGA-AO-A1KO	NA	0.066926487	6.6926487
TCGA-AR-A24T	NA	0	0
TCGA-AR-A1AO	NA	0	0
TCGA-C8-A133	NA	0	0
TCGA-A2-A0EP	NA	0	0
TCGA-AO-A12E	NA	0.145113004	14.5113004
TCGA-A2-A3XY	NA	0	0
TCGA-E2-A159	NA	0	0
TCGA-A7-A0DC	NA	0	0
TCGA-B6-A3ZX	NA	0	0
TCGA-B6-A0RQ	NA	0	0
TCGA-AR-A5QM	NA	0	0
TCGA-OL-A5RV	NA	0	0
TCGA-A1-A0SB	NA	0	0
TCGA-E9-A245	NA	0	0
TCGA-C8-A12V	NA	0	0
TCGA-A1-A0SQ	NA	0	0
TCGA-AR-A1AX	NA	0	0
TCGA-GM-A2DO	NA	0.090444979	9.0444979
TCGA-GM-A2DI	NA	0	0
TCGA-A8-A0A7	NA	0	0
TCGA-AC-A3W6	NA	0.064216584	6.4216584
TCGA-LL-A5YO	NA	0.346657756	34.6657756
TCGA-BH-A18T	NA	0.322429848	32.2429848
TCGA-OK-A5Q2	NA	0	0
TCGA-A2-A0T1	NA	0	0
TCGA-D8-A4Z1	NA	0	0
TCGA-AC-A3YI	NA	0	0
TCGA-BH-A0RX	NA	0	0
TCGA-BH-A0H5	NA	0.114077197	11.4077197
TCGA-AR-A1AT	NA	0.344947952	34.4947952
TCGA-A2-A25F	NA	0	0
TCGA-A8-A07C	NA	0.478260552	47.8260552
TCGA-D8-A1XC	NA	0	0
TCGA-AR-A24N	NA	0	0
TCGA-BH-A0BZ	NA	0.59546444	59.546444
TCGA-24-2038	NA	0	0
TCGA-25-1324	NA	0.171892273448235	17.1892273448235
TCGA-25-1328	NA	0	0
TCGA-04-1364	NA	0.117075771987096	11.7075771987096
TCGA-25-1326	NA	0.66756177591119	66.756177591119
TCGA-HC-8265	NA	0	0
TCGA-CH-5789	NA	0	0
TCGA-KC-A7FE	NA	0	0
TCGA-VN-A88I	NA	0.0288528961300036	2.88528961300036
TCGA-EJ-5502	NA	0	0
TCGA-G9-7523	NA	0	0
TCGA-CH-5763	NA	0.221075033213619	22.1075033213619
TCGA-YL-A8HO	NA	0.0924573986377333	9.24573986377333
TCGA-EJ-A8FU	NA	0.012021055082622	1.2021055082622
TCGA-HC-7750	NA	0	0
TCGA-EJ-5503	NA	0	0
TCGA-EJ-8474	NA	0	0
TCGA-XJ-A9DI	NA	0	0
TCGA-CH-5748	NA	0	0
